"ID","Levels","NeAuVar","NeCoVar","HWTeVar","HWPeVar","HWPaVar","AutTVar","ContVar","AMotVar","IdroVar","MattVar","SpråVar","SvenVar","PoänVar","GendVar","ClasVar","PartVar"
36,"1",2.4,2.5,2.85714285714286,NA,3.4,3.66666666666667,3.29166666666667,2,1,1,5,4,252.5,2,7,13
15,"1",3.6,3.5,3.71428571428571,NA,4.8,4.16666666666667,3.16666666666667,2,3,1,1,1,200,1,8,14
102,"1",NA,NA,NA,3.33333333333333,NA,NA,NA,NA,NA,NA,NA,NA,NA,NA,NA,NA
17,"1",3.2,5,1.57142857142857,3.33333333333333,4.8,4.5,4.5,1.33333333333333,NA,NA,NA,NA,NA,1,7,13
177,"1",2.6,2.5,1.57142857142857,1.66666666666667,3.8,2.33333333333333,1.45833333333333,3.66666666666667,1,0,2,2,47.5,1,8,14
33,"1",2.4,2.5,2.14285714285714,NA,3.4,2.83333333333333,2.79166666666667,2.33333333333333,NA,NA,NA,NA,NA,1,7,13
128,"1",2.6,3.75,2.57142857142857,3,3.2,2.83333333333333,3.08333333333333,2.33333333333333,NA,NA,NA,NA,NA,2,8,14
111,"1",3,4.25,3.28571428571429,3.33333333333333,4.4,4.33333333333333,3.70833333333333,1,3,2,4,3,227.5,1,7,13
150,"1",NA,NA,NA,2.33333333333333,NA,NA,NA,NA,NA,NA,NA,NA,NA,NA,NA,NA
20,"1",2.8,3.25,1.85714285714286,4,3.8,3.5,3.16666666666667,3,NA,NA,NA,NA,NA,2,7,13
11,"1",2.6,1.25,1.85714285714286,3.5,3.2,3,3.41666666666667,3.66666666666667,NA,NA,NA,NA,NA,2,8,14
158,"1",3.8,4.25,2.42857142857143,NA,4,2.33333333333333,2.58333333333333,1.33333333333333,NA,NA,NA,NA,NA,2,7,13
165,"1",3.6,3.75,3.28571428571429,NA,4.2,4.66666666666667,4,1.33333333333333,1,3,2,2,202.5,1,7,13
65,"1",2,2,2.14285714285714,NA,3.6,2.16666666666667,2.20833333333333,2,NA,NA,NA,NA,NA,1,8,14
159,"1",2,2.25,2.14285714285714,NA,3,2.83333333333333,2.66666666666667,3.33333333333333,2,1,2,1,162.5,1,8,14
194,"1",1.6,3.75,3,NA,3.6,3,2.79166666666667,1,1,3,2,2,202.5,1,7,13
80,"1",NA,NA,NA,1.5,NA,NA,NA,NA,NA,NA,NA,NA,NA,NA,NA,NA
83,"1",NA,NA,NA,3.66666666666667,NA,NA,NA,NA,NA,NA,NA,NA,NA,NA,NA,NA
30,"1",3.2,4.25,2.57142857142857,2.83333333333333,4.2,5,3.5,1,NA,NA,NA,NA,NA,1,7,13
164,"1",4,4.5,2.14285714285714,3.33333333333333,4,4.16666666666667,3.54166666666667,1,NA,NA,NA,NA,NA,1,7,14
62,"1",2.8,3.75,2.85714285714286,2.83333333333333,4.4,3.83333333333333,3.70833333333333,1,3,3,3,4,257.5,2,8,14
7,"1",2.8,3.25,3.28571428571429,2.83333333333333,3.8,3.16666666666667,3.16666666666667,3,1,1,3,1,202.5,1,8,13
191,"1",4.6,4,5,3.8,5,3.33333333333333,4.20833333333333,1,2,1,1,2,230,1,7,13
79,"1",2.8,2.25,2.28571428571429,NA,4.2,3.5,3.45833333333333,2,2,2,3,1,205,2,7,13
174,"1",2,3.25,1.42857142857143,1.66666666666667,4,2.66666666666667,2.83333333333333,2.33333333333333,NA,NA,NA,NA,NA,1,8,14
52,"1",NA,NA,NA,3.83333333333333,NA,NA,NA,NA,NA,NA,NA,NA,NA,NA,NA,NA
183,"1",2.8,3.25,3.28571428571429,3.83333333333333,2.2,3.33333333333333,3.08333333333333,3.33333333333333,1,3,2,2,202.5,1,7,16
98,"1",3.2,3,3.71428571428571,NA,5,3.5,3.29166666666667,1,1,2,0,1,125,1,7,12
143,"1",2.4,3.25,3.71428571428571,2.33333333333333,4,2.83333333333333,2.45833333333333,2.66666666666667,NA,NA,NA,NA,NA,2,8,13
21,"1",2.4,3.25,1,2.33333333333333,2,4.33333333333333,5,5,3,4,4,3,260,1,7,12
40,"1",1.6,2.75,1.42857142857143,1,3.4,3.58333333333333,4.41666666666667,1.33333333333333,3,4,3,2,250,2,8,14
44,"1",NA,NA,NA,3,NA,NA,NA,NA,3,4,3,2,250,NA,NA,NA
88,"1",4.6,3.75,3.14285714285714,1,4.6,4.16666666666667,4.08333333333333,1,NA,NA,NA,NA,NA,1,7,13
110,"1",3.4,3.25,1,NA,1.4,4.16666666666667,3.45833333333333,2,NA,NA,NA,NA,NA,1,7,13
67,"1",2.4,1.75,3.71428571428571,NA,4,3.16666666666667,3.125,2,NA,NA,NA,NA,NA,2,8,14
58,"1",3.6,4.5,4.14285714285714,NA,5,4,3.83333333333333,1,3,3,5,3,250,2,8,14
109,"1",3.6,3.75,3,NA,3,3,2.875,1.66666666666667,4,1,4,4,230,1,7,13
48,"1",1.6,4.25,1.42857142857143,1,5,4.83333333333333,3.54166666666667,1,2,1,1,1,210,2,8,13
38,"1",3,3.75,2.71428571428571,1,3.8,3.66666666666667,4,1.66666666666667,NA,NA,NA,NA,NA,1,7,12
102,"1",3,2.75,3,2.33333333333333,5,3.66666666666667,4.08333333333333,5,3,2,2,2,202.5,2,7,13
17,"1",NA,NA,NA,2.66666666666667,NA,NA,NA,NA,0,0,2,0,87.5,NA,NA,NA
149,"1",2,2.5,2.71428571428571,1.83333333333333,4.4,1.5,2.375,2.66666666666667,NA,NA,NA,NA,NA,1,8,14
138,"1",2.8,2.5,3.28571428571429,3,4.6,2.83333333333333,3.41666666666667,2,NA,NA,NA,NA,NA,2,8,14
72,"1",NA,NA,NA,1,NA,NA,NA,NA,1,4,0,1,182.5,NA,NA,NA
167,"1",2.6,2.75,2.57142857142857,1.66666666666667,4.4,3.33333333333333,4.20833333333333,2,NA,NA,NA,NA,NA,2,7,12
144,"1",2.6,3,3.85714285714286,2.66666666666667,4.4,3.66666666666667,3.70833333333333,2,NA,NA,NA,NA,NA,2,8,13
47,"1",2.6,4,1.85714285714286,2.66666666666667,4.2,3.5,3.25,1,3,3,2,2,250,1,8,14
44,"1",2.6,3.5,2.85714285714286,2.5,3.4,3.33333333333333,4.125,1.66666666666667,2,0,3,1,177.5,1,8,13
104,"1",3.6,4,3.14285714285714,2.66666666666667,4.8,4.66666666666667,4.5,1,3,2,5,4,260,2,7,12
146,"1",NA,NA,NA,3.16666666666667,NA,NA,NA,NA,NA,NA,NA,NA,NA,NA,NA,NA
53,"1",1.4,4.5,1,4.33333333333333,4.6,5,4,2.66666666666667,NA,NA,NA,NA,NA,1,8,14
80,"1",3.8,3.25,3.28571428571429,2.83333333333333,4,4.16666666666667,3.33333333333333,1.33333333333333,3,4,4,3,260,2,7,13
23,"1",2.2,3.25,1.14285714285714,2.83333333333333,2.6,3.16666666666667,3.29166666666667,2.33333333333333,NA,NA,NA,NA,NA,1,7,13
14,"1",NA,NA,NA,1.5,NA,NA,NA,NA,NA,NA,NA,NA,NA,NA,NA,NA
123,"1",3.8,5,3.85714285714286,1,2.6,5,4.83333333333333,1,NA,NA,NA,NA,NA,2,8,14
13,"1",NA,NA,NA,4,NA,NA,NA,NA,NA,NA,NA,NA,NA,NA,NA,NA
135,"1",3,3.25,3.71428571428571,2.5,4.6,3.83333333333333,3.625,3.33333333333333,NA,NA,NA,NA,NA,3,8,14
89,"1",3.6,3.5,3,4.16666666666667,4.8,2.66666666666667,2.125,1.66666666666667,3,2,2,2,202.5,NA,7,14
83,"1",3.8,4.25,2.42857142857143,4.16666666666667,4.6,4.33333333333333,3.16666666666667,1,NA,NA,NA,NA,NA,1,7,13
103,"1",3.2,3.25,5,3.5,5,4.5,4.58333333333333,2,NA,NA,NA,NA,NA,1,7,13
99,"1",3.8,3.25,2.42857142857143,3.83333333333333,4.6,4.25,3.16666666666667,1,NA,NA,NA,NA,NA,1,7,12
186,"1",3,3.5,2.71428571428571,3.83333333333333,5,3.66666666666667,3.75,3.33333333333333,NA,NA,NA,NA,NA,3,7,12
164,"1",4,4,3.85714285714286,3.83333333333333,5,3.16666666666667,4.875,1,2,3,2,2,237.5,2,7,13
16,"1",NA,NA,NA,2.16666666666667,NA,NA,NA,NA,NA,NA,NA,NA,NA,NA,NA,NA
130,"1",4,4.25,4,3.5,4.6,5,4.33333333333333,1,NA,NA,NA,NA,NA,1,8,13
146,"1",3.4,3.25,3.42857142857143,3.16666666666667,4.2,3.5,3.45833333333333,2,NA,NA,NA,NA,NA,2,8,15
90,"1",4.4,4.25,2.71428571428571,1,5,4.83333333333333,4.20833333333333,1,NA,NA,NA,NA,NA,1,7,12
90,"1",NA,NA,NA,3.83333333333333,NA,NA,NA,NA,NA,NA,NA,NA,NA,NA,NA,NA
111,"1",NA,NA,NA,2.83333333333333,NA,NA,NA,NA,NA,NA,NA,NA,NA,NA,NA,NA
187,"1",2.6,2.75,2.85714285714286,NA,5,2.66666666666667,2.70833333333333,5,NA,NA,NA,NA,NA,1,7,13
66,"1",2.6,4,3.42857142857143,1,3.4,2.66666666666667,1.79166666666667,1.33333333333333,3,5,4,3,282.5,2,8,13
85,"1",3.2,3.5,3.42857142857143,1,3.2,3.33333333333333,3.79166666666667,1.33333333333333,3,3,3,3,270,2,7,13
184,"1",3,2.75,3.71428571428571,NA,4.8,3.83333333333333,2.70833333333333,2.33333333333333,NA,NA,NA,NA,NA,2,7,13
60,"1",3,3,2.57142857142857,3.66666666666667,3.6,2.5,3.375,3,NA,NA,NA,NA,NA,1,8,14
77,"1",NA,NA,NA,3.66666666666667,NA,NA,NA,NA,NA,NA,NA,NA,NA,NA,NA,NA
118,"1",2.4,2.75,2,NA,4.2,4,3.25,1,2,1,1,2,230,1,8,14
119,"1",3,3.75,3.28571428571429,3.33333333333333,5,4.16666666666667,4.58333333333333,1,3,1,1,3,230,2,8,14
188,"1",3.4,4.5,4.42857142857143,4.16666666666667,5,4.5,3.25,1,NA,NA,NA,NA,NA,2,7,13
50,"1",3,3,3.57142857142857,5,3.6,3,2.79166666666667,2.33333333333333,3,2,3,5,252.5,1,8,14
153,"1",NA,NA,NA,4,NA,NA,NA,NA,NA,NA,NA,NA,NA,NA,NA,NA
24,"1",3.4,4.75,2.42857142857143,1.5,5,3.66666666666667,3.58333333333333,2.66666666666667,2,1,1,1,180,1,7,13
122,"1",2.2,1.25,2.71428571428571,NA,4.2,3.16666666666667,2.95833333333333,4,NA,NA,NA,NA,NA,2,8,14
161,"1",NA,NA,NA,3.83333333333333,NA,NA,NA,NA,NA,NA,NA,NA,NA,NA,NA,NA
106,"1",NA,NA,NA,3.5,NA,NA,NA,NA,NA,NA,NA,NA,NA,NA,NA,NA
18,"1",3.6,3.25,2.85714285714286,3,3.4,4.5,4.29166666666667,1,2,3,5,3,255,1,7,12
97,"1",3,2.5,1.71428571428571,3,2.2,4.5,4.20833333333333,1,3,3,3,3,265,2,7,13
86,"1",4.2,3.75,3.42857142857143,2.83333333333333,5,4.33333333333333,4.54166666666667,1,3,1,2,2,220,2,7,13
49,"1",2.6,3.75,2.14285714285714,4,4.8,2,2.79166666666667,3.66666666666667,NA,NA,NA,NA,NA,2,8,13
96,"1",2.4,2.25,1.85714285714286,2.83333333333333,1,2.5,2.54166666666667,2.33333333333333,1,1,0,1,180,1,7,12
74,"1",3.4,3,3.14285714285714,2.66666666666667,4,3.66666666666667,3.16666666666667,1.33333333333333,2,1,1,2,195,1,8,13
22,"1",NA,NA,NA,4.16666666666667,NA,NA,NA,NA,NA,NA,NA,NA,NA,NA,NA,NA
100,"1",4,3.5,2.71428571428571,1.33333333333333,2.2,3.16666666666667,3,1,NA,NA,NA,NA,NA,2,7,13
155,"1",2.8,2.5,1,3.66666666666667,3.2,2.83333333333333,2.70833333333333,3.33333333333333,NA,NA,NA,NA,NA,1,7,13
57,"1",2.8,2.5,1.71428571428571,3,2.6,2.5,2,1,NA,NA,NA,NA,NA,2,8,13
92,"1",4.2,3.5,3.42857142857143,3,5,4.5,3.83333333333333,1,NA,NA,NA,NA,NA,2,7,13
133,"1",2.4,2.5,1.14285714285714,4,1.2,1,1,1,1,1,1,1,192.5,1,8,14
8,"1",NA,NA,NA,3,NA,NA,NA,NA,NA,NA,NA,NA,NA,NA,NA,NA
169,"1",3.6,3.75,3.14285714285714,2.66666666666667,4.6,4.16666666666667,3.66666666666667,1,NA,NA,NA,NA,NA,2,7,13
185,"1",3.6,4.75,3.71428571428571,NA,4.6,4.16666666666667,2.95833333333333,1,NA,NA,NA,NA,NA,2,7,12
52,"1",3.4,3.75,2.57142857142857,2.16666666666667,4.6,4.5,4.58333333333333,1,NA,NA,NA,NA,NA,1,8,13
136,"1",3,3,2.85714285714286,2.16666666666667,2.8,3,3,3,NA,NA,NA,NA,NA,1,8,13
190,"1",2.6,4,3.57142857142857,NA,4.2,3.66666666666667,3.625,1.66666666666667,1,1,4,1,187.5,3,7,13
145,"1",NA,NA,NA,2.66666666666667,NA,NA,NA,NA,NA,NA,NA,NA,NA,NA,NA,NA
142,"1",NA,NA,NA,2,NA,NA,NA,NA,NA,NA,NA,NA,NA,NA,NA,NA
9,"1",1.6,1.25,1.14285714285714,NA,2.8,3,2.83333333333333,3,0,0,0,0,140,2,8,13
27,"1",2.8,4,1.85714285714286,3,5,3.66666666666667,3.83333333333333,1.66666666666667,NA,NA,NA,NA,NA,2,7,13
14,"1",2.8,3.5,1.42857142857143,NA,1.6,2.33333333333333,4.33333333333333,3.66666666666667,NA,NA,NA,NA,NA,2,8,14
54,"1",2.6,3.75,1.85714285714286,NA,2.6,2.83333333333333,2.875,2,NA,NA,NA,NA,NA,2,8,14
67,"1",NA,NA,NA,2.83333333333333,NA,NA,NA,NA,NA,NA,NA,NA,NA,NA,NA,NA
8,"1",2.8,2.75,3,NA,3.2,2.83333333333333,3.04166666666667,3.66666666666667,1,1,1,1,192.5,2,8,13
81,"1",2.8,4,3.28571428571429,2.83333333333333,4.4,3.83333333333333,4.45833333333333,1.66666666666667,2,2,3,2,212.5,1,7,13
163,"1",3,3.25,1.71428571428571,4,4.8,3.66666666666667,4,4.33333333333333,NA,NA,NA,NA,NA,1,7,13
141,"1",2.4,3.25,3,4,3.6,2.33333333333333,2.79166666666667,1,NA,NA,NA,NA,NA,2,8,14
173,"1",NA,NA,NA,3.66666666666667,NA,NA,NA,NA,NA,NA,NA,NA,NA,NA,NA,NA
35,"1",3.4,4,1,4,4.2,4.5,4.83333333333333,1.33333333333333,NA,NA,NA,NA,NA,1,7,13
162,"1",3.4,3.5,1.42857142857143,NA,4.8,4.16666666666667,3.29166666666667,1,NA,NA,NA,NA,NA,2,7,13
82,"1",1.6,2.5,1.14285714285714,4.16666666666667,4.4,3.33333333333333,3.16666666666667,3.33333333333333,2,1,3,1,200,1,7,13
75,"1",3,4.5,1.42857142857143,4.16666666666667,4.8,4.5,4.83333333333333,1,3,4,5,5,305,2,7,13
189,"1",3,3.25,3.85714285714286,3.66666666666667,4.4,3.16666666666667,3,2.66666666666667,4,3,3,3,275,2,7,14
170,"1",2.6,2.75,3,NA,2.6,3.66666666666667,2.58333333333333,3.33333333333333,NA,NA,NA,NA,NA,1,8,14
59,"1",3.2,4.5,4.42857142857143,NA,5,3.83333333333333,3.625,1,NA,NA,NA,NA,NA,2,8,13
19,"1",NA,NA,NA,4.5,NA,NA,NA,NA,NA,NA,NA,NA,NA,NA,NA,NA
7,"1",NA,NA,NA,3,NA,NA,NA,NA,3,1,2,3,227.5,NA,NA,NA
10,"1",NA,NA,NA,3,NA,NA,NA,NA,3,1,2,3,227.5,NA,NA,NA
65,"1",NA,NA,NA,1.83333333333333,NA,NA,NA,NA,NA,NA,NA,NA,NA,NA,NA,NA
9,"1",NA,NA,NA,2.66666666666667,NA,NA,NA,NA,3,2,3,3,247.5,NA,NA,NA
4,"1",NA,NA,NA,1.66666666666667,NA,NA,NA,NA,NA,NA,NA,NA,NA,NA,NA,NA
154,"1",3.6,4.25,1.71428571428571,1.66666666666667,2.6,3.33333333333333,2.58333333333333,1.33333333333333,1,1,1,3,195,1,7,13
156,"1",2.8,3,1.85714285714286,NA,5,3.66666666666667,3.95833333333333,2.33333333333333,NA,NA,NA,NA,NA,2,7,13
137,"1",3.4,3.25,3,3.83333333333333,3,4.16666666666667,3.58333333333333,1,2,3,2,3,222.5,1,8,14
176,"1",1.6,3.66666666666667,1,2.83333333333333,3,3,3,3,3,4,5,5,277.5,1,8,14
26,"1",NA,NA,NA,4.16666666666667,NA,NA,NA,NA,NA,NA,NA,NA,NA,NA,NA,NA
195,"1",1.8,3.5,1.57142857142857,NA,3.8,1,1,5,3,3,4,1,242.5,3,7,13
124,"1",NA,NA,NA,3.33333333333333,NA,NA,NA,NA,NA,NA,NA,NA,NA,NA,NA,NA
106,"1",2.4,3,2.85714285714286,NA,2.6,3.66666666666667,2.875,2.33333333333333,NA,NA,NA,NA,NA,2,7,13
93,"1",3.8,3.75,4.14285714285714,2.83333333333333,4,4.5,3.875,1.66666666666667,2,1,1,2,217.5,1,7,13
55,"1",2.6,2.5,2,3.83333333333333,3,3.16666666666667,2.83333333333333,2.66666666666667,2,1,3,3,255,2,8,14
151,"1",4,3.75,3.42857142857143,2.16666666666667,3.4,4.16666666666667,2.54166666666667,1.33333333333333,NA,NA,NA,NA,NA,1,7,13
117,"1",NA,NA,NA,1.66666666666667,NA,NA,NA,NA,NA,NA,NA,NA,NA,NA,NA,NA
138,"1",NA,NA,NA,2.16666666666667,NA,NA,NA,NA,NA,NA,NA,NA,NA,NA,NA,NA
25,"1",1.8,2.25,1.42857142857143,3.33333333333333,4,2.5,2.29166666666667,2.66666666666667,NA,NA,NA,NA,NA,2,7,13
126,"1",3.2,4,3.85714285714286,3.33333333333333,3.6,3.33333333333333,3.66666666666667,1.66666666666667,3,3,3,2,257.5,1,8,14
193,"1",3.4,3.25,2.71428571428571,3,3,2.66666666666667,2.83333333333333,2.66666666666667,NA,NA,NA,NA,NA,1,7,12
45,"1",4.2,3.75,4,NA,5,4,4.41666666666667,1,NA,NA,NA,NA,NA,2,8,14
46,"1",4.2,3.75,4,NA,5,4,4.41666666666667,1,NA,NA,NA,NA,NA,2,8,14
5,"1",NA,NA,NA,3.16666666666667,NA,NA,NA,NA,NA,NA,NA,NA,NA,NA,NA,NA
31,"1",2.2,3.5,2,2.33333333333333,2.25,3,3,3,1,1,4,1,187.5,1,7,13
114,"1",2.8,2.75,3.28571428571429,2.33333333333333,3.4,3.83333333333333,2.79166666666667,1,1,1,3,1,202.5,2,7,12
84,"1",3.6,3.5,3.14285714285714,3.5,4.8,4.5,5,1,3,2,2,2,202.5,2,7,13
160,"1",3.6,3.25,4.42857142857143,3.33333333333333,5,4.5,4.5,1,2,2,4,3,250,2,7,13
172,"1",NA,NA,NA,3.83333333333333,NA,NA,NA,NA,NA,NA,NA,NA,NA,NA,NA,NA
175,"1",2.6,3.5,1.71428571428571,4.83333333333333,4,4,4.08333333333333,3,NA,NA,NA,NA,NA,1,8,14
132,"1",NA,NA,NA,3,NA,NA,NA,NA,NA,NA,NA,NA,NA,NA,NA,NA
133,"1",NA,NA,NA,3,NA,NA,NA,NA,NA,NA,NA,NA,NA,NA,NA,NA
41,"1",3.6,2.25,3.57142857142857,NA,2.2,2.33333333333333,3,2.33333333333333,NA,NA,NA,NA,NA,1,8,14
2,"1",2.8,4,3.14285714285714,NA,3.4,4,3.29166666666667,2.66666666666667,1,0,2,2,47.5,1,8,14
22,"1",2.6,3.25,2.14285714285714,2.16666666666667,4.8,2.66666666666667,2.45833333333333,2,NA,NA,NA,NA,NA,2,7,13
116,"1",2.6,4.25,3.14285714285714,2.16666666666667,4.8,3.5,3.875,2.33333333333333,3,5,5,3,277.5,2,8,14
124,"1",2.4,4.25,5,NA,3.2,5,3.75,4.33333333333333,NA,NA,NA,NA,NA,1,8,14
37,"1",3.6,4,1,2.66666666666667,4.4,3.33333333333333,3,1.66666666666667,NA,NA,NA,NA,NA,1,7,13
61,"1",1.4,1.5,1.28571428571429,2.83333333333333,1.6,1.66666666666667,2.70833333333333,2.33333333333333,2,2,1,2,227.5,2,8,14
4,"1",3,2.5,2.85714285714286,2.66666666666667,2.6,2.83333333333333,3.45833333333333,2,2,2,1,2,227.5,1,8,13
94,"1",4.6,5,5,2.83333333333333,1.8,4.83333333333333,5,1,NA,NA,NA,NA,NA,1,7,13
26,"1",3,3.25,1.14285714285714,2.66666666666667,4,4,3.58333333333333,2.33333333333333,NA,NA,NA,NA,NA,1,7,13
107,"1",3.6,4,3,2.33333333333333,3.6,4.83333333333333,4.70833333333333,1,2,3,4,3,242.5,1,7,12
178,"1",2.6,3.75,2,2.66666666666667,NA,2.5,2.54166666666667,1.66666666666667,NA,NA,NA,NA,NA,1,8,14
108,"1",3.2,4.25,3.57142857142857,3.5,4,4,3.625,1,4,5,5,5,310,2,7,14
165,"1",NA,NA,NA,2.33333333333333,NA,NA,NA,NA,NA,NA,NA,NA,NA,NA,NA,NA
107,"1",NA,NA,NA,4.5,NA,NA,NA,NA,NA,NA,NA,NA,NA,NA,NA,NA
192,"1",1.8,5,3,NA,4.8,3.33333333333333,2.875,3,NA,NA,NA,NA,NA,1,7,13
12,"1",4,3.75,3,3.5,3.4,4,3.83333333333333,1,NA,NA,NA,NA,NA,1,8,14
32,"1",3.8,3.75,3,NA,3,3,3,3,2,1,2,2,215,1,7,13
144,"1",NA,NA,NA,3,NA,NA,NA,NA,NA,NA,NA,NA,NA,NA,NA,NA
34,"1",2.4,4.5,1,3,3,3.5,3.45833333333333,1,NA,NA,NA,NA,NA,1,7,12
72,"1",3.6,3.25,2.71428571428571,3,3.2,3,2.41666666666667,1.33333333333333,1,3,3,2,232.5,2,8,14
64,"1",2.4,4.75,2.71428571428571,4,3.2,4.33333333333333,4.83333333333333,1.33333333333333,1,1,4,2,212.5,2,8,13
164,"1",2.4,4.75,2.71428571428571,4,3.2,4.33333333333333,4.83333333333333,1.33333333333333,1,1,4,2,212.5,2,8,13
168,"1",3.4,3.5,2.42857142857143,3.5,4.4,3.33333333333333,3,1.66666666666667,NA,NA,NA,NA,NA,2,7,13
56,"1",2.6,3.75,3,3.66666666666667,3.8,3.5,4.375,1,3,4,4,3,255,2,8,14
64,"1",NA,NA,NA,1.5,NA,NA,NA,NA,3,1,3,1,190,NA,NA,NA
171,"1",1,1.25,1,3.66666666666667,1.8,1.83333333333333,4.5,4,NA,NA,NA,NA,NA,2,8,14
139,"1",1.8,2.5,1,1.5,1.6,3.16666666666667,3.54166666666667,4.33333333333333,1,1,2,2,57.5,1,8,14
73,"1",2.8,3.25,2.85714285714286,1,3,3,3.54166666666667,1,NA,NA,NA,NA,NA,1,8,14
71,"1",4,3.5,3.42857142857143,3.16666666666667,3.2,4,3.91666666666667,1,1,1,4,2,215,2,8,14
123,"1",NA,NA,NA,3.83333333333333,NA,NA,NA,NA,NA,NA,NA,NA,NA,NA,NA,NA
43,"1",2.2,2,2.85714285714286,3.16666666666667,2.8,2.16666666666667,1.41666666666667,2.66666666666667,NA,NA,NA,NA,NA,2,8,14
10,"1",2,3.5,3.71428571428571,3,3,3.5,3.45833333333333,3,NA,NA,NA,NA,NA,1,8,14
127,"1",1.6,2,3.14285714285714,3,3.8,2.33333333333333,3.125,3.33333333333333,NA,NA,NA,NA,NA,2,8,14
51,"1",2.6,3.75,5,2,5,2.5,3.375,2.33333333333333,1,2,0,1,172.5,1,8,14
87,"1",2.6,2.5,1.85714285714286,5,2.8,3.5,2.79166666666667,1.66666666666667,1,2,2,3,230,2,7,13
3,"1",2.6,2,2,5,3,3,2.91666666666667,3,3,2,2,2,207.5,1,8,14
105,"1",3.4,4.5,1,3,1,4.16666666666667,4.29166666666667,1,1,1,1,3,237.5,1,7,13
63,"1",3,4.25,3,2.33333333333333,3.4,3.66666666666667,3.58333333333333,1.33333333333333,3,5,5,4,302.5,2,8,14
68,"1",2.2,4.5,3.71428571428571,2.16666666666667,3.6,3.66666666666667,3.33333333333333,3,1,1,1,3,180,1,8,14
117,"1",2.6,3,3,NA,2.2,2.16666666666667,2.70833333333333,2,NA,NA,NA,NA,NA,1,8,14
31,"1",NA,NA,NA,3.33333333333333,NA,NA,NA,NA,NA,NA,NA,NA,NA,NA,NA,NA
166,"1",3,3,2.57142857142857,4.66666666666667,3.4,3.83333333333333,4.29166666666667,1,1,2,1,2,195,2,7,13
120,"1",3.2,4.75,2,NA,5,5,4.33333333333333,1,NA,NA,NA,NA,NA,1,8,13
15,"1",2.8,4,1.85714285714286,5,5,3.67,3.83333333333333,1.66666666666667,2,4,4,3,267.5,2,7,13
78,"1",2,2,2,2,3,3.33333333333333,3.29166666666667,3,1,1,2,3,220,2,7,13
131,"1",4.2,3.75,2.42857142857143,2.5,4.6,4.83333333333333,4.75,1,1,1,0,2,152.5,1,8,15
126,"1",NA,NA,NA,2.5,NA,NA,NA,NA,1,1,0,2,152.5,NA,NA,NA
145,"1",2,3.5,1,2.5,1.8,3.16666666666667,3.70833333333333,1.66666666666667,NA,NA,NA,NA,NA,1,8,13
100,"1",NA,NA,NA,2.5,NA,NA,NA,NA,NA,NA,NA,NA,NA,NA,NA,NA
147,"1",1.8,2.75,1.42857142857143,2.66666666666667,3.2,3.16666666666667,4.08333333333333,3,NA,NA,NA,NA,NA,1,8,13
125,"1",3,3.25,2.66666666666667,3.4,4.2,2.83333333333333,3.16666666666667,3,NA,NA,NA,NA,NA,1,8,14
128,"1",NA,NA,NA,2.83333333333333,NA,NA,NA,NA,NA,NA,NA,NA,NA,NA,NA,NA
150,"1",2.8,2.75,2.57142857142857,2,5,4,3.375,1.33333333333333,4,3,5,5,295,1,8,15
142,"1",2.8,4.5,3.71428571428571,2.16666666666667,5,4.33333333333333,3.66666666666667,1,NA,NA,NA,NA,NA,2,8,14
16,"1",2.8,3.75,2.28571428571429,2,3,2.66666666666667,3.125,2.66666666666667,NA,NA,NA,NA,NA,1,8,14
135,"1",NA,NA,NA,3.66666666666667,NA,NA,NA,NA,NA,NA,NA,NA,NA,NA,NA,NA
70,"1",2.2,3,2.57142857142857,3.33333333333333,3.6,3.33333333333333,3.125,2.33333333333333,2,1,2,1,172.5,2,8,13
42,"1",2.6,3.5,2.14285714285714,NA,2.4,3.33333333333333,2.75,2,2,3,1,1,195,1,8,14
153,"1",2,2.5,1.28571428571429,3.16666666666667,4,2.83333333333333,2.25,2.33333333333333,3,1,2,3,237.5,2,7,12
39,"1",NA,NA,NA,4.16666666666667,NA,NA,NA,NA,NA,NA,NA,NA,NA,NA,NA,NA
95,"1",3.6,3.25,3.28571428571429,3.16666666666667,2.6,3.33333333333333,3.41666666666667,1,NA,NA,NA,NA,NA,2,7,13
29,"1",1.8,2.5,1.14285714285714,3.16666666666667,4,2.5,2.66666666666667,2.66666666666667,3,1,2,2,222.5,2,7,13
6,"1",3.2,4.25,2.28571428571429,3.33333333333333,4.8,4.33333333333333,4.25,1,NA,NA,NA,NA,NA,2,8,14
130,"1",NA,NA,NA,2.66666666666667,NA,NA,NA,NA,NA,NA,NA,NA,NA,NA,NA,NA
5,"1",3.8,3.5,5,3.33333333333333,5,4,4.58333333333333,3,3,3,5,2,275,2,8,14
91,"1",3.6,3.25,2.85714285714286,NA,2.8,3.5,2.41666666666667,1.33333333333333,NA,NA,NA,NA,NA,1,7,13
19,"1",3.2,3.25,2.42857142857143,3.16666666666667,2.8,2.16666666666667,2.625,2.66666666666667,NA,NA,NA,NA,NA,2,7,13
160,"1",NA,NA,NA,2.83333333333333,NA,NA,NA,NA,NA,NA,NA,NA,NA,NA,NA,NA
161,"1",2.6,3.25,1.14285714285714,NA,2.6,5,5,1,NA,NA,NA,NA,NA,1,7,13
112,"1",3.2,4.5,3,NA,4.4,5,4.29166666666667,1,NA,NA,NA,NA,NA,1,7,13
54,"1",2.2,3.25,1.14285714285714,4.66666666666667,2.6,NA,3.29166666666667,2.33333333333333,1,1,1,2,197.5,1,7,13
115,"1",3.6,3,2.57142857142857,1.83333333333333,3.6,2.33333333333333,1.70833333333333,2.66666666666667,NA,NA,NA,NA,NA,2,8,14
1,"1",2.33333333333333,1,3,1.83333333333333,3.75,3,3.20833333333333,2.33333333333333,1,1,1,2,197.5,1,8,14
172,"1",2.2,1,2.28571428571429,NA,4.6,1.33333333333333,1.33333333333333,5,NA,NA,NA,NA,NA,2,8,14
173,"1",1.6,3.25,3.28571428571429,NA,4.2,2,2.33333333333333,3.66666666666667,NA,NA,NA,NA,NA,1,8,14
105,"1",3.8,4.25,1.14285714285714,NA,4,3.66666666666667,3.25,2,NA,NA,NA,NA,NA,1,8,14
113,"1",4,4,3.8,NA,4.2,4,2.625,1.33333333333333,1,2,1,1,207.5,3,7,12
180,"1",3.8,2.25,1,NA,1.4,3.33333333333333,3,2.33333333333333,NA,NA,NA,NA,NA,1,7,13
152,"1",3,3,1.28571428571429,4.5,3.6,2.5,2.20833333333333,2,3,2,1,3,200,2,7,13
13,"1",2.4,1.25,2.71428571428571,1.5,3,4,4,4.33333333333333,3,1,1,1,187.5,1,8,14
28,"1",3,3.5,2.28571428571429,3.16666666666667,3.2,2.66666666666667,3.375,3.66666666666667,NA,NA,NA,NA,NA,2,7,13
121,"1",4.2,5,4.42857142857143,4.5,4.6,4.83333333333333,4.5,1,3,3,3,3,255,1,8,14
140,"1",3.6,4.75,4.28571428571429,4.5,4.6,4.83333333333333,4.45833333333333,1,NA,NA,NA,NA,NA,2,8,14
149,"1",NA,NA,NA,3.16666666666667,NA,NA,NA,NA,NA,NA,NA,NA,NA,NA,NA,NA
148,"1",3.6,3.75,4.71428571428571,3.33333333333333,4.6,4.33333333333333,4.5,2.33333333333333,NA,NA,NA,NA,NA,2,8,14
39,"1",2.8,2,2,2.5,2.8,2.66666666666667,2.54166666666667,2.66666666666667,NA,NA,NA,NA,NA,1,8,14
132,"1",2.2,2.5,2.71428571428571,3,3.2,2.66666666666667,3.25,3.66666666666667,NA,NA,NA,NA,NA,1,8,14
196,"1",1.8,2,1,3,5,2.83333333333333,2.75,4.33333333333333,NA,NA,NA,NA,NA,1,7,13
129,"1",4,4.5,3.42857142857143,NA,5,4.66666666666667,3.58333333333333,1,NA,NA,NA,NA,NA,1,8,14
69,"1",2.6,2.75,2.42857142857143,1.83333333333333,3.4,3.33333333333333,2.91666666666667,1,1,1,1,1,192.5,1,8,14
181,"1",2,2.75,2.71428571428571,1.83333333333333,2.6,3.83333333333333,1.875,3.33333333333333,NA,NA,NA,NA,NA,1,7,15
134,"1",2.6,2,1,1,1,1,1,1,NA,NA,NA,NA,NA,1,8,14
73,"1",NA,NA,NA,2.33333333333333,NA,NA,NA,NA,1,3,2,2,202.5,NA,NA,NA
77,"1",2.8,3.75,1.71428571428571,2.5,3.6,4,3.45833333333333,1,3,2,3,3,257.5,2,7,13
179,"1",3.8,4.25,2,2.5,NA,3.16666666666667,2.45833333333333,1,3,2,3,3,257.5,1,8,14
40,"1",3.8,4.5,3.28571428571429,2.5,4.8,4.5,3.58333333333333,1,4,3,5,4,277.5,1,7,14
NA,"1",NA,NA,NA,NA,NA,NA,NA,NA,NA,NA,NA,NA,NA,NA,NA,NA
NA,"1",NA,NA,NA,NA,NA,NA,NA,NA,NA,NA,NA,NA,NA,NA,NA,NA
NA,"1",NA,NA,NA,NA,NA,NA,NA,NA,NA,NA,NA,NA,NA,NA,NA,NA
36,"2",NA,NA,NA,2.83333333333333,NA,NA,NA,NA,1,2,4,3,225,2,7,13
15,"2",NA,NA,NA,3.33333333333333,NA,NA,NA,NA,3,1,1,1,200,1,8,14
102,"2",2.8,2.5,3,NA,4.6,3,3.04166666666667,1,NA,NA,NA,NA,NA,NA,NA,NA
17,"2",2.8,4,3.42857142857143,1.5,4.2,3.16666666666667,2.83333333333333,3,NA,NA,NA,NA,NA,1,7,13
177,"2",3.2,4.5,1.42857142857143,1.33333333333333,5,4.66666666666667,4.58333333333333,1,1,2,2,0,115,1,8,14
33,"2",NA,NA,NA,2.33333333333333,NA,NA,NA,NA,NA,NA,NA,NA,NA,1,7,13
128,"2",2.4,3.75,1.42857142857143,2.5,3.4,2.83333333333333,3.20833333333333,2.5,NA,NA,NA,NA,NA,2,8,14
111,"2",3,3.25,1.57142857142857,3.66666666666667,3.6,4,3.625,2.5,3,2,4,3,235,1,7,13
150,"2",2.4,3.75,3.14285714285714,NA,2.8,3,4.41666666666667,1.5,NA,NA,NA,NA,NA,NA,NA,NA
20,"2",3.4,4,4.14285714285714,3.5,3.8,5,3.58333333333333,1,NA,NA,NA,NA,NA,2,7,13
11,"2",2.4,3.25,1.57142857142857,3.33333333333333,3.4,2.33333333333333,2.70833333333333,2.5,NA,NA,NA,NA,NA,2,8,14
158,"2",NA,NA,NA,2.83333333333333,NA,NA,NA,NA,NA,NA,NA,NA,NA,2,7,13
165,"2",NA,NA,NA,3.33333333333333,NA,NA,NA,NA,1,3,2,2,197.5,1,7,13
65,"2",NA,NA,NA,2.2,NA,NA,NA,NA,NA,NA,NA,NA,NA,1,8,14
159,"2",NA,NA,NA,3.16666666666667,NA,NA,NA,NA,2,1,2,1,162.5,1,8,14
194,"2",NA,NA,NA,2,NA,NA,NA,NA,1,3,2,2,197.5,1,7,13
80,"2",2.8,2.25,3.14285714285714,NA,3,1.83333333333333,1.83333333333333,2.5,NA,NA,NA,NA,NA,NA,NA,NA
83,"2",2.4,2.75,3.28571428571429,NA,4.6,2.83333333333333,2.41666666666667,3,NA,NA,NA,NA,NA,NA,NA,NA
30,"2",4,4.5,2.14285714285714,1.66666666666667,4,4.16666666666667,3.54166666666667,1,NA,NA,NA,NA,NA,1,7,13
164,"2",3.8,4.5,3.28571428571429,2.83333333333333,4.8,4.5,3.58333333333333,1,NA,NA,NA,NA,NA,1,7,14
62,"2",4,4.5,2.14285714285714,3.66666666666667,4,4.16666666666667,3.54166666666667,1,3,3,3,4,260,2,8,14
7,"2",2.4,3,2.71428571428571,3.83333333333333,3.8,3.33333333333333,3.58333333333333,1.5,1,1,2,2,205,1,8,13
191,"2",2.5,2.5,3.14285714285714,5,4.2,4.25,4,3.5,2,1,1,2,232.5,1,7,13
79,"2",NA,NA,NA,4,NA,NA,NA,NA,2,2,3,2,215,2,7,13
174,"2",3,4.5,1.42857142857143,2.5,5,4.83333333333333,4.33333333333333,1,NA,NA,NA,NA,NA,1,8,14
52,"2",3.6,3.5,2.57142857142857,NA,3.6,2.83333333333333,3.58333333333333,1.5,NA,NA,NA,NA,NA,NA,NA,NA
183,"2",3.6,3.5,2.57142857142857,3.16666666666667,3.6,2.83333333333333,3.58333333333333,1.5,1,3,2,2,197.5,1,7,16
98,"2",NA,NA,NA,3.66666666666667,NA,NA,NA,NA,0,1,0,0,105,1,7,12
143,"2",1.8,2.75,3.28571428571429,2.33333333333333,2.6,2.66666666666667,2.70833333333333,3,NA,NA,NA,NA,NA,2,8,13
21,"2",1.8,2.75,3.28571428571429,1,2.6,2.66666666666667,2.70833333333333,3,4,4,2,3,250,1,7,12
40,"2",2.8,3.75,2.14285714285714,2.16666666666667,3.2,4,4.125,2,3,4,3,4,265,2,8,14
44,"2",3.4,3.5,3.14285714285714,NA,4.2,4.16666666666667,3.66666666666667,4.5,3,4,3,4,265,NA,NA,NA
88,"2",2.8,3.75,2.14285714285714,2.5,3.2,4,4.125,2,NA,NA,NA,NA,NA,1,7,13
110,"2",NA,NA,NA,1,NA,NA,NA,NA,NA,NA,NA,NA,NA,1,7,13
67,"2",NA,NA,NA,2.66666666666667,NA,NA,NA,NA,NA,NA,NA,NA,NA,2,8,14
58,"2",NA,NA,NA,5,NA,NA,NA,NA,3,3,5,3,260,2,8,14
109,"2",NA,NA,NA,3,NA,NA,NA,NA,4,1,3,4,237.5,1,7,13
48,"2",1.8,3.5,1.42857142857143,3,5,3.16666666666667,4.20833333333333,1.5,2,1,1,2,207.5,2,8,13
38,"2",1.8,3.5,1.42857142857143,2,5,3.16666666666667,4.20833333333333,1.5,NA,NA,NA,NA,NA,1,7,12
102,"2",3.4,4,3.42857142857143,1,4,4,3.70833333333333,1.5,3,3,3,2,207.5,2,7,13
17,"2",2.8,2.5,3.28571428571429,NA,3.4,3.33333333333333,3.625,3,0,0,2,0,97.5,NA,NA,NA
149,"2",2.6,1.25,4.14285714285714,2,4.6,2,2.375,4,NA,NA,NA,NA,NA,1,8,14
138,"2",1.8,2.5,3,2.66666666666667,3,3,3,3,NA,NA,NA,NA,NA,2,8,14
72,"2",2.2,3,1.28571428571429,NA,2.2,2.83333333333333,2.75,3.5,1,2,0,1,182.5,NA,NA,NA
167,"2",2.4,2.25,2.85714285714286,4.16666666666667,4.4,2.83333333333333,2.83333333333333,2.5,NA,NA,NA,NA,NA,2,7,12
144,"2",2.8,2.5,3.28571428571429,2.5,3.4,3.33333333333333,3.625,3,NA,NA,NA,NA,NA,2,8,13
47,"2",3,2.5,3.28571428571429,2.66666666666667,3.6,3,3.29166666666667,1.5,3,4,2,4,280,1,8,14
44,"2",2.6,3.5,3,3,4.2,3.66666666666667,3.41666666666667,1.5,2,0,2,1,175,1,8,13
104,"2",2.4,3.75,1.71428571428571,4,2.8,3.16666666666667,3.45833333333333,3,3,2,5,4,265,2,7,12
146,"2",2.6,3.25,3.14285714285714,NA,3.6,3.16666666666667,2.91666666666667,1,NA,NA,NA,NA,NA,NA,NA,NA
53,"2",3.8,4,3.28571428571429,5,5,4.83333333333333,4.375,1,NA,NA,NA,NA,NA,1,8,14
80,"2",3.4,3.25,3,3,3.2,3.5,3,1.5,4,4,2,3,250,2,7,13
23,"2",3.4,3.25,3,1,3.2,3.5,3,1.5,NA,NA,NA,NA,NA,1,7,13
14,"2",2.6,2.75,1.71428571428571,NA,3.2,3.16666666666667,2.25,3.5,NA,NA,NA,NA,NA,NA,NA,NA
123,"2",2.2,2.75,1.14285714285714,1.66666666666667,3.2,3.83333333333333,3,3,NA,NA,NA,NA,NA,2,8,14
13,"2",1.4,3,1,NA,2.2,3.66666666666667,5,2.5,NA,NA,NA,NA,NA,NA,NA,NA
135,"2",3.8,5,2,4.16666666666667,2.4,4.83333333333333,5,1,NA,NA,NA,NA,NA,3,8,14
89,"2",3.8,4.5,2.85714285714286,3.5,4,4.16666666666667,3.625,2.5,3,3,3,2,207.5,NA,7,14
83,"2",3.8,4.5,2.85714285714286,3,4,4.16666666666667,3.625,2.5,NA,NA,NA,NA,NA,1,7,13
103,"2",3.8,4.25,2.42857142857143,5,4.4,4.16666666666667,3.70833333333333,1,NA,NA,NA,NA,NA,1,7,13
99,"2",3.2,2.75,3.71428571428571,3.66666666666667,4.8,4.83333333333333,4.75,2,NA,NA,NA,NA,NA,1,7,12
186,"2",3.6,3.75,3.57142857142857,4.16666666666667,3.8,4.16666666666667,3.29166666666667,1,NA,NA,NA,NA,NA,3,7,12
164,"2",3.6,3.75,3.57142857142857,4.33333333333333,3.8,4.16666666666667,3.29166666666667,1,2,3,3,2,252.5,2,7,13
16,"2",2.8,2.5,1.85714285714286,NA,3.6,3,2.58333333333333,3.5,NA,NA,NA,NA,NA,NA,NA,NA
130,"2",3,3.75,2.71428571428571,4.16666666666667,4.8,3.66666666666667,5,2,NA,NA,NA,NA,NA,1,8,13
146,"2",3.8,3.25,3.71428571428571,4,5,4.66666666666667,3.70833333333333,1,NA,NA,NA,NA,NA,2,8,15
90,"2",3.2,3.25,4.14285714285714,4.16666666666667,1,NA,NA,NA,NA,NA,NA,NA,NA,1,7,12
90,"2",3.75,2.5,3.42857142857143,NA,3.6,3,3.33333333333333,4,NA,NA,NA,NA,NA,NA,NA,NA
111,"2",3.2,3.25,1.85714285714286,NA,2.6,3.5,2.91666666666667,1.5,NA,NA,NA,NA,NA,NA,NA,NA
187,"2",NA,NA,NA,1.5,NA,NA,NA,NA,NA,NA,NA,NA,NA,1,7,13
66,"2",2.4,4.5,3,2.5,2.2,2,2.375,2,3,4,3,4,280,2,8,13
85,"2",2.4,4.5,3,2.5,2.2,2,2.375,2,3,4,3,3,275,2,7,13
184,"2",NA,NA,NA,4.66666666666667,NA,NA,NA,NA,NA,NA,NA,NA,NA,2,7,13
60,"2",2.6,3.25,2.71428571428571,2,3.8,4.16666666666667,3.16666666666667,3,NA,NA,NA,NA,NA,1,8,14
77,"2",2.6,3.25,2.71428571428571,NA,3.8,4.16666666666667,3.16666666666667,3,NA,NA,NA,NA,NA,NA,NA,NA
118,"2",NA,NA,NA,1.83333333333333,NA,NA,NA,NA,2,1,1,2,232.5,1,8,14
119,"2",2.8,3.75,2.28571428571429,2.5,5,3.83333333333333,3.75,1,3,1,1,3,240,2,8,14
188,"2",1.8,3.25,2,3,3.4,3.5,4.04166666666667,1.5,NA,NA,NA,NA,NA,2,7,13
50,"2",2.8,1.75,3.71428571428571,2.33333333333333,5,3.66666666666667,4.08333333333333,2,4,3,3,5,260,1,8,14
153,"2",2.4,4,1.71428571428571,NA,4.2,2.66666666666667,2.83333333333333,1.5,NA,NA,NA,NA,NA,NA,NA,NA
24,"2",4.4,4.75,2.85714285714286,4.33333333333333,3.8,4.83333333333333,4.29166666666667,1,1,1,0,1,165,1,7,13
122,"2",NA,NA,NA,2.33333333333333,NA,NA,NA,NA,NA,NA,NA,NA,NA,2,8,14
161,"2",2,3.75,2,NA,4.6,4.33333333333333,4,2.5,NA,NA,NA,NA,NA,NA,NA,NA
106,"2",2.4,1,2.42857142857143,NA,2.2,3.16666666666667,3.41666666666667,4.5,NA,NA,NA,NA,NA,NA,NA,NA
18,"2",2.8,3.75,2.28571428571429,1.5,3.2,3.83333333333333,3.70833333333333,1,3,4,4,3,262.5,1,7,12
97,"2",2.8,3.75,2.28571428571429,1.5,3.2,3.83333333333333,3.70833333333333,1,3,3,3,3,255,2,7,13
86,"2",2.4,2.5,1.85714285714286,4,2.6,2.83333333333333,3.83333333333333,1,3,2,3,3,230,2,7,13
49,"2",3.8,2.5,3.85714285714286,2.33333333333333,4.6,3.41666666666667,5,1,NA,NA,NA,NA,NA,2,8,13
96,"2",2.2,4.5,2.42857142857143,1,4.6,3.16666666666667,3.04166666666667,3.5,1,1,0,1,162.5,1,7,12
74,"2",3.2,1.75,2.28571428571429,3.83333333333333,3.2,2.83333333333333,2.91666666666667,3,2,1,1,2,192.5,1,8,13
22,"2",3.2,3.25,3,NA,5,3.83333333333333,4.16666666666667,1,NA,NA,NA,NA,NA,NA,NA,NA
100,"2",2.6,2,1,2.5,1,1.33333333333333,1.5,1.5,NA,NA,NA,NA,NA,2,7,13
155,"2",3.6,3.25,2.85714285714286,3.33333333333333,3.4,3.66666666666667,2.95833333333333,1,NA,NA,NA,NA,NA,1,7,13
57,"2",3.6,3.25,1.28571428571429,1.83333333333333,4.8,3.5,3.25,1,NA,NA,NA,NA,NA,2,8,13
92,"2",3.6,3.25,2.42857142857143,4,3.6,3.83333333333333,4,1,NA,NA,NA,NA,NA,2,7,13
133,"2",4.2,4.25,4.28571428571429,1,5,4.5,3.95833333333333,1,1,1,1,1,177.5,1,8,14
8,"2",3.6,3.25,1.28571428571429,NA,4.8,3.5,3.25,1,NA,NA,NA,NA,NA,NA,NA,NA
169,"2",2.2,1.75,1.71428571428571,3.83333333333333,3,3.33333333333333,2.70833333333333,3,NA,NA,NA,NA,NA,2,7,13
185,"2",NA,NA,NA,3.33333333333333,NA,NA,NA,NA,NA,NA,NA,NA,NA,2,7,12
52,"2",2.8,4,3,2.16666666666667,3.8,4.16666666666667,3.54166666666667,1.5,NA,NA,NA,NA,NA,1,8,13
136,"2",2.8,4,3,3,3.8,4.16666666666667,3.54166666666667,1.5,NA,NA,NA,NA,NA,1,8,13
190,"2",NA,NA,NA,3.66666666666667,NA,NA,NA,NA,1,1,4,2,195,3,7,13
145,"2",2.2,1.75,1.71428571428571,NA,3,3.33333333333333,2.70833333333333,3,NA,NA,NA,NA,NA,NA,NA,NA
142,"2",3,3.75,1.57142857142857,NA,3.4,3,4.25,1.5,NA,NA,NA,NA,NA,NA,NA,NA
9,"2",NA,NA,NA,2.16666666666667,NA,NA,NA,NA,0,0,2,0,125,2,8,13
27,"2",3.4,4.25,3.14285714285714,3.83333333333333,5,3.83333333333333,4.16666666666667,1,NA,NA,NA,NA,NA,2,7,13
14,"2",NA,NA,NA,1.83333333333333,NA,NA,NA,NA,NA,NA,NA,NA,NA,2,8,14
54,"2",NA,NA,NA,2.66666666666667,NA,NA,NA,NA,NA,NA,NA,NA,NA,2,8,14
67,"2",2.4,3.25,2,NA,3.2,3.33333333333333,3.41666666666667,2.5,NA,NA,NA,NA,NA,NA,NA,NA
8,"2",NA,NA,NA,2.83333333333333,NA,NA,NA,NA,1,1,1,1,177.5,2,8,13
81,"2",2,2,2.42857142857143,3.16666666666667,2,2,3.375,3.5,3,3,1,2,215,1,7,13
163,"2",2,3.75,2.85714285714286,4.66666666666667,4.6,3.33333333333333,4.16666666666667,2,NA,NA,NA,NA,NA,1,7,13
141,"2",2.4,3,4,2.66666666666667,4.6,3,3.20833333333333,3,NA,NA,NA,NA,NA,2,8,14
173,"2",3.2,4,1.42857142857143,NA,4.4,4.5,4.29166666666667,1,NA,NA,NA,NA,NA,NA,NA,NA
35,"2",2.4,3,4,2,4.6,3,3.20833333333333,3,NA,NA,NA,NA,NA,1,7,13
162,"2",NA,NA,NA,3.83333333333333,NA,NA,NA,NA,NA,NA,NA,NA,NA,2,7,13
82,"2",2.4,3.25,1,3.33333333333333,4.4,3.5,3.29166666666667,4,2,1,2,2,200,1,7,13
75,"2",2.4,3.25,1,4.33333333333333,4.4,3.5,3.29166666666667,4,3,5,5,5,320,2,7,13
189,"2",3.4,5,1.85714285714286,4.5,4.6,4.33333333333333,3.95833333333333,1,0,3,3,3,255,2,7,14
170,"2",NA,NA,NA,3,NA,NA,NA,NA,NA,NA,NA,NA,NA,1,8,14
59,"2",NA,NA,NA,5,NA,NA,NA,NA,NA,NA,NA,NA,NA,2,8,13
19,"2",3,4.25,4.42857142857143,NA,4.8,4.66666666666667,3.375,3,NA,NA,NA,NA,NA,NA,NA,NA
7,"2",2,2.5,2.42857142857143,NA,3.6,3.83333333333333,3.54166666666667,2,2,2,2,3,210,NA,NA,NA
10,"2",2,2.5,2.42857142857143,NA,3.6,3.83333333333333,3.54166666666667,2,2,2,2,3,210,NA,NA,NA
65,"2",1.4,3,3,NA,2.2,2.16666666666667,2.66666666666667,5,NA,NA,NA,NA,NA,NA,NA,NA
9,"2",3.2,3.75,1.42857142857143,NA,4.8,2.83333333333333,3.20833333333333,2,3,3,3,3,232.5,NA,NA,NA
4,"2",3.6,3.75,3.42857142857143,NA,4,3.66666666666667,3.125,1,NA,NA,NA,NA,NA,NA,NA,NA
154,"2",3.8,4.5,3.71428571428571,1.66666666666667,3.6,2.66666666666667,3.20833333333333,2,0,1,1,3,180,1,7,13
156,"2",NA,NA,NA,3.5,NA,NA,NA,NA,NA,NA,NA,NA,NA,2,7,13
137,"2",3.2,3,3.28571428571429,3,4.8,3.16666666666667,3.375,3,2,3,2,3,205,1,8,14
176,"2",3,3.75,3.14285714285714,3,3.6,4.33333333333333,3.95833333333333,2.5,3,4,5,5,282.5,1,8,14
26,"2",4.2,4.25,3.85714285714286,NA,4.6,5,4.75,1,NA,NA,NA,NA,NA,NA,NA,NA
195,"2",NA,NA,NA,1,NA,NA,NA,NA,4,3,4,1,252.5,3,7,13
124,"2",3,3.25,4.14285714285714,NA,4.6,3.16666666666667,2.75,1.5,NA,NA,NA,NA,NA,NA,NA,NA
106,"2",NA,NA,NA,3.33333333333333,NA,NA,NA,NA,NA,NA,NA,NA,NA,2,7,13
93,"2",2.6,3,2.85714285714286,4,2.4,2.66666666666667,1.91666666666667,2,2,2,1,2,217.5,1,7,13
55,"2",3.8,3.75,3.28571428571429,2.66666666666667,3.6,3.83333333333333,3.08333333333333,2,3,1,1,3,265,2,8,14
151,"2",1.8,2.25,1.85714285714286,2.16666666666667,3.2,3.33333333333333,2.875,2,NA,NA,NA,NA,NA,1,7,13
117,"2",3,3.75,1,NA,5,3.33333333333333,3.875,5,NA,NA,NA,NA,NA,NA,NA,NA
138,"2",3,3.5,3.14285714285714,NA,4.2,3.5,3.625,1,NA,NA,NA,NA,NA,NA,NA,NA
25,"2",1.2,2.5,1,4.33333333333333,3,1.16666666666667,1.33333333333333,5,NA,NA,NA,NA,NA,2,7,13
126,"2",1.2,2.5,1,3.33333333333333,3,1.16666666666667,1.33333333333333,5,3,4,3,2,272.5,1,8,14
193,"2",3.8,4.5,4.14285714285714,1.83333333333333,4.4,4,3.875,1.5,NA,NA,NA,NA,NA,1,7,12
45,"2",NA,NA,NA,3.5,NA,NA,NA,NA,NA,NA,NA,NA,NA,2,8,14
46,"2",NA,NA,NA,3.5,NA,NA,NA,NA,NA,NA,NA,NA,NA,2,8,14
5,"2",4,3.25,3.57142857142857,NA,4,4.83333333333333,4.08333333333333,1,NA,NA,NA,NA,NA,NA,NA,NA
31,"2",2.6,2.25,1.28571428571429,3,3.2,2.66666666666667,4.04166666666667,1.5,1,1,4,2,195,1,7,13
114,"2",2.6,2.25,1.28571428571429,4,3.2,2.66666666666667,4.04166666666667,1.5,1,1,2,2,205,2,7,12
84,"2",3.4,2.5,3,4.5,4.4,3.66666666666667,2.79166666666667,1,3,3,3,2,207.5,2,7,13
160,"2",4.2,3,2.71428571428571,4.5,5,5,4.66666666666667,1,2,3,4,3,262.5,2,7,13
172,"2",4,3.5,3,NA,4.4,4,3.29166666666667,2,NA,NA,NA,NA,NA,NA,NA,NA
175,"2",4,4.5,4.71428571428571,2,5,4.66666666666667,4.29166666666667,1,NA,NA,NA,NA,NA,1,8,14
132,"2",3,2.75,2.85714285714286,NA,3,3,3,3,NA,NA,NA,NA,NA,NA,NA,NA
133,"2",3,2.75,2.85714285714286,NA,3,3,3,3,NA,NA,NA,NA,NA,NA,NA,NA
41,"2",NA,NA,NA,1.83333333333333,NA,NA,NA,NA,NA,NA,NA,NA,NA,1,8,14
2,"2",NA,NA,NA,3.16666666666667,NA,NA,NA,NA,0,0,2,2,115,1,8,14
22,"2",3.2,3.75,2.85714285714286,1.5,3.8,3.5,2.95833333333333,1.5,NA,NA,NA,NA,NA,2,7,13
116,"2",3.2,3.75,2.85714285714286,2,3.8,3.5,2.95833333333333,1.5,3,4,4,4,270,2,8,14
124,"2",2.2,4.75,NA,1,NA,3.16666666666667,2.33333333333333,4,NA,NA,NA,NA,NA,1,8,14
37,"2",3.4,4,1.85714285714286,2,3.8,4.33333333333333,3.70833333333333,1.5,NA,NA,NA,NA,NA,1,7,13
61,"2",2.8,3,1.28571428571429,2.66666666666667,3.2,2.66666666666667,2.79166666666667,3,2,2,2,3,252.5,2,8,14
4,"2",3.4,4,1.85714285714286,3.16666666666667,3.8,4.33333333333333,3.70833333333333,1.5,2,2,2,3,252.5,1,8,13
94,"2",2.8,3,1.28571428571429,4.2,3.2,2.66666666666667,2.79166666666667,3,NA,NA,NA,NA,NA,1,7,13
26,"2",4.4,4.75,3.42857142857143,2.83333333333333,3.8,4.66666666666667,4.66666666666667,1,NA,NA,NA,NA,NA,1,7,13
107,"2",3,3.25,1.42857142857143,2.33333333333333,3,3,2.66666666666667,2,2,2,3,2,207.5,1,7,12
178,"2",3.6,4,3.28571428571429,NA,4.6,4.83333333333333,4.5,2,NA,NA,NA,NA,NA,1,8,14
108,"2",4,4.75,3.85714285714286,3.33333333333333,4.6,4.83333333333333,3.875,1,4,5,5,5,327.5,2,7,14
165,"2",1.6,4.5,1.14285714285714,NA,5,3.83333333333333,4.45833333333333,4.5,NA,NA,NA,NA,NA,NA,NA,NA
107,"2",2.8,3,3.85714285714286,NA,4.4,4,3.625,1.5,NA,NA,NA,NA,NA,NA,NA,NA
192,"2",NA,NA,NA,3,NA,NA,NA,NA,NA,NA,NA,NA,NA,1,7,13
12,"2",4,4.75,3.85714285714286,3.16666666666667,4.6,4.83333333333333,3.875,1,NA,NA,NA,NA,NA,1,8,14
32,"2",NA,NA,NA,3,NA,NA,NA,NA,2,1,3,2,192.5,1,7,13
144,"2",3.2,3.75,1.71428571428571,NA,3,3,3,3,NA,NA,NA,NA,NA,NA,NA,NA
34,"2",1.8,4.25,1.28571428571429,1.5,3,3.33333333333333,3.79166666666667,1,NA,NA,NA,NA,NA,1,7,12
72,"2",1.8,4.25,1.28571428571429,2.33333333333333,3,3.33333333333333,3.79166666666667,1,0,3,3,2,240,2,8,14
64,"2",3.4,3.5,3.42857142857143,4.66666666666667,4,3.16666666666667,2.83333333333333,2,1,2,4,1,200,2,8,13
164,"2",3.4,3.5,3.42857142857143,4.66666666666667,4,3.16666666666667,2.83333333333333,2,1,2,4,1,200,2,8,13
168,"2",2.6,5,3,4.33333333333333,4,4.66666666666667,4.875,1,NA,NA,NA,NA,NA,2,7,13
56,"2",1.6,3,4.14285714285714,3,4.2,4,4.16666666666667,2,4,4,NA,4,270,2,8,14
64,"2",2.6,2.75,2.14285714285714,NA,3.4,2,1.70833333333333,2.5,2,1,4,2,200,NA,NA,NA
171,"2",1.6,3,4.14285714285714,1.16666666666667,4.2,4,4.16666666666667,2,NA,NA,NA,NA,NA,2,8,14
139,"2",2.6,2.75,2.14285714285714,1,3.4,2,1.70833333333333,2.5,1,2,2,2,115,1,8,14
73,"2",1.8,2.5,1,3,1,2.66666666666667,3.16666666666667,5,NA,NA,NA,NA,NA,1,8,14
71,"2",3.8,3.25,4.14285714285714,2.66666666666667,4,4.16666666666667,3.58333333333333,1,1,2,4,2,225,2,8,14
123,"2",3.4,4.75,4.57142857142857,NA,5,4.83333333333333,3.875,1,NA,NA,NA,NA,NA,NA,NA,NA
43,"2",3.8,3.25,4.14285714285714,3.16666666666667,4,4.16666666666667,3.58333333333333,1,NA,NA,NA,NA,NA,2,8,14
10,"2",2.6,3,2.85714285714286,3,4.2,3.16666666666667,3.04166666666667,3.5,NA,NA,NA,NA,NA,1,8,14
127,"2",2.6,3,2.85714285714286,2.83333333333333,4.2,3.16666666666667,3.04166666666667,3.5,NA,NA,NA,NA,NA,2,8,14
51,"2",2.2,2,2.42857142857143,2.16666666666667,2.2,2.16666666666667,2.875,4,1,2,1,1,187.5,1,8,14
87,"2",2.4,2,1,3.5,3.4,2.66666666666667,3.125,2.5,3,3,2,3,240,2,7,13
3,"2",2.4,2,1,3.16666666666667,3.4,2.66666666666667,3.125,2.5,3,2,1,1,207.5,1,8,14
105,"2",2.8,3.5,3.85714285714286,1,4,3.66666666666667,3.70833333333333,1.5,3,1,2,3,227.5,1,7,13
63,"2",2.8,4.5,2.71428571428571,3.33333333333333,3,3.66666666666667,3.75,2.5,4,5,5,4,312.5,2,8,14
68,"2",2,4,2.71428571428571,1.83333333333333,3.6,3.5,3.25,1.5,1,1,1,2,205,1,8,14
117,"2",NA,NA,NA,1,NA,NA,NA,NA,NA,NA,NA,NA,NA,1,8,14
31,"2",2.8,3.25,3.14285714285714,NA,4.2,3.5,3.66666666666667,3,NA,NA,NA,NA,NA,NA,NA,NA
166,"2",2.6,2.5,3.57142857142857,2.33333333333333,5,4.16666666666667,4.375,1,1,2,1,2,202.5,2,7,13
120,"2",NA,NA,NA,3.33333333333333,NA,NA,NA,NA,NA,NA,NA,NA,NA,1,8,13
15,"2",2.8,4,4.85714285714286,3.83333333333333,5,4.66666666666667,4.5,1,2,4,4,3,265,2,7,13
78,"2",2,1.75,1.85714285714286,2.16666666666667,3,2,3.125,2,1,2,2,2,210,2,7,13
131,"2",4.4,3.5,3.85714285714286,2.66666666666667,4,5,4.375,1,1,1,0,2,147.5,1,8,15
126,"2",4.4,3.5,3.85714285714286,NA,4,5,4.375,1,1,1,0,2,147.5,NA,NA,NA
145,"2",4.4,3.5,3.85714285714286,1.33333333333333,4,5,4.375,1,NA,NA,NA,NA,NA,1,8,13
100,"2",3.6,4.25,3.28571428571429,NA,4,4,2.75,1,NA,NA,NA,NA,NA,NA,NA,NA
147,"2",3,3,1.85714285714286,3.16666666666667,3,3.66666666666667,3.79166666666667,2.5,NA,NA,NA,NA,NA,1,8,13
125,"2",2.6,3.5,2.71428571428571,2.83333333333333,5,3.58333333333333,3.5,3.5,NA,NA,NA,NA,NA,1,8,14
128,"2",3.2,2.5,3.14285714285714,NA,5,3.16666666666667,2.04166666666667,2,NA,NA,NA,NA,NA,NA,NA,NA
150,"2",3.4,5,3.57142857142857,3.33333333333333,3.8,4,3.91666666666667,1,5,4,5,5,307.5,1,8,15
142,"2",3.2,4.5,2.57142857142857,3.33333333333333,3.6,3.83333333333333,3.91666666666667,1,NA,NA,NA,NA,NA,2,8,14
16,"2",2.4,3,3.14285714285714,1.66666666666667,3.2,3.66666666666667,3.16666666666667,3,NA,NA,NA,NA,NA,1,8,14
135,"2",2.2,3.25,2.71428571428571,NA,4.4,3.83333333333333,3.5,1,NA,NA,NA,NA,NA,NA,NA,NA
70,"2",3,2.75,2.85714285714286,2.66666666666667,4.6,3.16666666666667,2.66666666666667,2.5,2,2,2,1,180,2,8,13
42,"2",NA,NA,NA,1.5,NA,NA,NA,NA,2,1,0,1,170,1,8,14
153,"2",2.6,2.25,1.57142857142857,3.83333333333333,3.8,3.33333333333333,2.58333333333333,2,2,2,2,3,220,2,7,12
39,"2",3.6,3.5,4.14285714285714,NA,3.8,3.83333333333333,4.45833333333333,1.5,NA,NA,NA,NA,NA,NA,NA,NA
95,"2",2.6,2.25,1.57142857142857,3.66666666666667,3.8,3.33333333333333,2.58333333333333,2,NA,NA,NA,NA,NA,2,7,13
29,"2",3.2,3.5,3.14285714285714,2.83333333333333,3.2,2.83333333333333,3.25,3,2,1,2,1,190,2,7,13
6,"2",3,4.75,2,1.33333333333333,5,4.66666666666667,4.875,2,NA,NA,NA,NA,NA,2,8,14
130,"2",3.4,4,2.42857142857143,NA,2.8,2.33333333333333,2.83333333333333,2.5,NA,NA,NA,NA,NA,NA,NA,NA
5,"2",3,4.75,2,5,5,4.66666666666667,4.875,2,3,3,5,3,272.5,2,8,14
91,"2",NA,NA,NA,1.66666666666667,NA,NA,NA,NA,NA,NA,NA,NA,NA,1,7,13
19,"2",3.6,3.5,3.14285714285714,1.83333333333333,3.8,2.83333333333333,2.91666666666667,3.5,NA,NA,NA,NA,NA,2,7,13
160,"2",1.8,2.5,1,NA,5,3.83333333333333,3.95833333333333,3,NA,NA,NA,NA,NA,NA,NA,NA
161,"2",NA,NA,NA,2.33333333333333,NA,NA,NA,NA,NA,NA,NA,NA,NA,1,7,13
112,"2",NA,NA,NA,4.5,NA,NA,NA,NA,NA,NA,NA,NA,NA,1,7,13
54,"2",4.4,4,4.42857142857143,1,4.8,4.66666666666667,4.54166666666667,1.5,1,1,2,2,177.5,1,7,13
115,"2",2.2,1.5,2.42857142857143,1.66666666666667,5,2,2.45833333333333,3.5,NA,NA,NA,NA,NA,2,8,14
1,"2",2.2,1.5,2.42857142857143,2.83333333333333,5,2,2.45833333333333,3.5,1,1,2,2,177.5,1,8,14
172,"2",NA,NA,NA,1.66666666666667,NA,NA,NA,NA,NA,NA,NA,NA,NA,2,8,14
173,"2",NA,NA,NA,1.66666666666667,NA,NA,NA,NA,NA,NA,NA,NA,NA,1,8,14
105,"2",NA,NA,NA,3,NA,NA,NA,NA,NA,NA,NA,NA,NA,1,8,14
113,"2",NA,NA,NA,3,NA,NA,NA,NA,1,2,1,2,220,3,7,12
180,"2",NA,NA,NA,1,NA,NA,NA,NA,NA,NA,NA,NA,NA,1,7,13
152,"2",2.6,3.25,2.42857142857143,3.5,4.2,2.5,2.33333333333333,2,3,1,1,3,192.5,2,7,13
13,"2",1.6,1,1.14285714285714,3,3.2,2,2.54166666666667,3.5,3,1,1,1,192.5,1,8,14
28,"2",2.2,2.75,3,3.5,4.8,3.16666666666667,3.95833333333333,5,NA,NA,NA,NA,NA,2,7,13
121,"2",4,5,5,4,5,5,4.83333333333333,1,4,3,5,3,277.5,1,8,14
140,"2",4,5,5,4.16666666666667,5,5,4.83333333333333,1,NA,NA,NA,NA,NA,2,8,14
149,"2",2,3.25,2.71428571428571,NA,4.2,3.66666666666667,3.45833333333333,1,NA,NA,NA,NA,NA,NA,NA,NA
148,"2",2.6,4.25,2.71428571428571,3.33333333333333,5,4.33333333333333,4.16666666666667,1,NA,NA,NA,NA,NA,2,8,14
39,"2",1.8,2.5,2.57142857142857,3,4,2,2.70833333333333,4,NA,NA,NA,NA,NA,1,8,14
132,"2",3,3,2.42857142857143,2.83333333333333,2,3.33333333333333,3.29166666666667,3,NA,NA,NA,NA,NA,1,8,14
196,"2",3,3,2.42857142857143,3,2,3.33333333333333,3.29166666666667,3,NA,NA,NA,NA,NA,1,7,13
129,"2",NA,NA,NA,3.33333333333333,NA,NA,NA,NA,NA,NA,NA,NA,NA,1,8,14
69,"2",2.8,2.75,2.71428571428571,1.66666666666667,3,3.83333333333333,3.375,1,2,1,1,2,212.5,1,8,14
181,"2",2.8,2.75,2.71428571428571,2,3,3.83333333333333,3.375,1,NA,NA,NA,NA,NA,1,7,15
134,"2",2.6,2,1,1,1,1,1,1,NA,NA,NA,NA,NA,1,8,14
73,"2",1.4,4,3.71428571428571,NA,4.6,4.66666666666667,4.08333333333333,3.5,3,3,3,2,207.5,NA,NA,NA
77,"2",3.2,3.75,1.71428571428571,1.66666666666667,4,3.33333333333333,3.04166666666667,1,4,2,3,3,265,2,7,13
179,"2",3.2,3.75,1.71428571428571,NA,4,3.33333333333333,3.04166666666667,1,4,2,3,3,265,1,8,14
40,"2",3.4,3.75,3.28571428571429,3.33333333333333,4.8,4.83333333333333,4.29166666666667,1,5,3,5,5,292.5,1,7,14
NA,"2",NA,NA,NA,NA,NA,NA,NA,NA,NA,NA,NA,NA,NA,NA,NA,NA
NA,"2",NA,NA,NA,NA,NA,NA,NA,NA,NA,NA,NA,NA,NA,NA,NA,NA
NA,"2",NA,NA,NA,NA,NA,NA,NA,NA,NA,NA,NA,NA,NA,NA,NA,NA
36,"3",2.33333333333333,3,1.85714285714286,3,3.66666666666667,4.83333333333333,3.66666666666667,3,1,2,2,3,237.5,2,7,13
15,"3",4,3.33333333333333,3.85714285714286,4,3.66666666666667,4,4,4,3,1,1,2,195,1,8,14
102,"3",NA,NA,NA,NA,NA,NA,NA,NA,NA,NA,NA,NA,NA,NA,NA,NA
17,"3",NA,NA,NA,NA,NA,NA,NA,NA,NA,NA,NA,NA,NA,1,7,13
177,"3",NA,NA,NA,NA,NA,NA,NA,NA,NA,NA,NA,NA,NA,1,8,14
33,"3",NA,NA,NA,NA,NA,NA,NA,NA,NA,NA,NA,NA,NA,1,7,13
128,"3",2.66666666666667,3.66666666666667,1.71428571428571,2.66666666666667,3.16666666666667,2.75,2.66666666666667,1.66666666666667,NA,NA,NA,NA,NA,2,8,14
111,"3",4,4,4.57142857142857,4.83333333333333,4.66666666666667,5,4.33333333333333,1,3,2,2,3,237.5,1,7,13
150,"3",NA,NA,NA,NA,NA,NA,NA,NA,NA,NA,NA,NA,NA,NA,NA,NA
20,"3",2.33333333333333,3.33333333333333,1,2.66666666666667,3.16666666666667,2.58333333333333,2.33333333333333,3,NA,NA,NA,NA,NA,2,7,13
11,"3",NA,NA,NA,NA,NA,NA,NA,NA,NA,NA,NA,NA,NA,2,8,14
158,"3",1.66666666666667,3,3.14285714285714,3.83333333333333,4.16666666666667,4.16666666666667,3.66666666666667,3.66666666666667,NA,NA,NA,NA,NA,2,7,13
165,"3",NA,NA,NA,NA,NA,NA,NA,NA,1,2,1,1,182.5,1,7,13
65,"3",NA,NA,NA,NA,NA,NA,NA,NA,NA,NA,NA,NA,NA,1,8,14
159,"3",1.33333333333333,3,2.71428571428571,3.16666666666667,4,3,3,3,1,1,2,1,165,1,8,14
194,"3",3,4.33333333333333,3.42857142857143,1.16666666666667,2.66666666666667,5,4,2.33333333333333,1,2,1,1,182.5,1,7,13
80,"3",2.33333333333333,2.33333333333333,3.85714285714286,2.5,4.5,2.41666666666667,1.66666666666667,2.66666666666667,NA,NA,NA,NA,NA,NA,NA,NA
83,"3",NA,NA,NA,NA,NA,NA,NA,NA,NA,NA,NA,NA,NA,NA,NA,NA
30,"3",4.33333333333333,4,1.57142857142857,2.5,4.5,4.33333333333333,4,1,NA,NA,NA,NA,NA,1,7,13
164,"3",4.33333333333333,4,1.57142857142857,2.5,4.5,4.33333333333333,4,1,NA,NA,NA,NA,NA,1,7,14
62,"3",3,3.66666666666667,2.85714285714286,3,3.33333333333333,3.75,3.66666666666667,2.66666666666667,4,3,3,5,277.5,2,8,14
7,"3",3.66666666666667,2,3.28571428571429,3.16666666666667,3.16666666666667,3.5,3.33333333333333,3,2,1,2,3,200,1,8,13
191,"3",3,4.33333333333333,3.42857142857143,1.16666666666667,2.66666666666667,5,4,2.33333333333333,4,3,3,5,277.5,1,7,13
79,"3",3,3.33333333333333,1.28571428571429,3.83333333333333,4,4.08333333333333,3,1.66666666666667,3,2,3,3,237.5,2,7,13
174,"3",2.33333333333333,5,2,1.66666666666667,5,4.66666666666667,3.66666666666667,1,NA,NA,NA,NA,NA,1,8,14
52,"3",NA,NA,NA,NA,NA,NA,NA,NA,NA,NA,NA,NA,NA,NA,NA,NA
183,"3",NA,NA,NA,NA,NA,NA,NA,NA,1,2,1,1,182.5,1,7,16
98,"3",NA,NA,NA,NA,NA,NA,NA,NA,0,0,2,0,30,1,7,12
143,"3",1.66666666666667,2.66666666666667,3.42857142857143,2,3.5,3.5,2.66666666666667,2.33333333333333,NA,NA,NA,NA,NA,2,8,13
21,"3",1.33333333333333,1.66666666666667,1,2.5,3.5,4.5,5,3,3,4,2,3,250,1,7,12
40,"3",2,4,1.28571428571429,1.5,4.33333333333333,4.66666666666667,5,2,4,3,3,5,292.5,2,8,14
44,"3",2,4,1.28571428571429,1.5,4.33333333333333,4.66666666666667,5,2,4,3,3,5,292.5,NA,NA,NA
88,"3",NA,NA,NA,NA,NA,NA,NA,NA,NA,NA,NA,NA,NA,1,7,13
110,"3",4,3.33333333333333,2.42857142857143,3.66666666666667,3.33333333333333,3.08333333333333,2.33333333333333,3,NA,NA,NA,NA,NA,1,7,13
67,"3",NA,NA,NA,NA,NA,NA,NA,NA,NA,NA,NA,NA,NA,2,8,14
58,"3",4.33333333333333,4.66666666666667,3.14285714285714,3.83333333333333,5,4.5,3.66666666666667,1,4,2,5,4,280,2,8,14
109,"3",3.33333333333333,3.33333333333333,4,3.16666666666667,4.16666666666667,2.16666666666667,2.33333333333333,3.33333333333333,4,2,3,5,255,1,7,13
48,"3",3.33333333333333,2.33333333333333,2.28571428571429,2.33333333333333,2.33333333333333,3.16666666666667,2.33333333333333,2,3,1,1,3,227.5,2,8,13
38,"3",3,3.66666666666667,2.28571428571429,1.5,3.33333333333333,3.91666666666667,4,1.33333333333333,NA,NA,NA,NA,NA,1,7,12
102,"3",NA,NA,NA,NA,NA,NA,NA,NA,3,1,2,2,195,2,7,13
17,"3",NA,NA,NA,NA,NA,NA,NA,NA,0,0,2,0,135,NA,NA,NA
149,"3",2,2.33333333333333,2.16666666666667,2.66666666666667,3.83333333333333,1,2,3,NA,NA,NA,NA,NA,1,8,14
138,"3",2,2,3,2.16666666666667,4.5,3.58333333333333,3,3,NA,NA,NA,NA,NA,2,8,14
72,"3",2.33333333333333,2.66666666666667,2.42857142857143,2,3.66666666666667,3.66666666666667,3.33333333333333,2.33333333333333,1,4,1,1,205,NA,NA,NA
167,"3",NA,NA,NA,NA,NA,NA,NA,NA,NA,NA,NA,NA,NA,2,7,12
144,"3",NA,NA,NA,NA,NA,NA,NA,NA,NA,NA,NA,NA,NA,2,8,13
47,"3",2.33333333333333,4,1.42857142857143,2,4.5,4.25,4,1,4,4,2,5,312.5,1,8,14
44,"3",4.33333333333333,4.66666666666667,3,1.66666666666667,4.16666666666667,3.58333333333333,3.33333333333333,2.33333333333333,3,1,2,1,192.5,1,8,13
104,"3",3.33333333333333,3.33333333333333,2.71428571428571,3.33333333333333,4.66666666666667,4.41666666666667,3,1,3,2,5,4,270,2,7,12
146,"3",NA,NA,NA,NA,NA,NA,NA,NA,NA,NA,NA,NA,NA,NA,NA,NA
53,"3",NA,NA,NA,NA,NA,NA,NA,NA,NA,NA,NA,NA,NA,1,8,14
80,"3",3,3.33333333333333,2.85714285714286,3.16666666666667,2.66666666666667,4.5,4,1,3,4,2,3,255,2,7,13
23,"3",1,3,1,1,3,3.25,1.66666666666667,4,NA,NA,NA,NA,NA,1,7,13
14,"3",NA,NA,NA,NA,NA,NA,NA,NA,NA,NA,NA,NA,NA,NA,NA,NA
123,"3",NA,NA,NA,NA,NA,NA,NA,NA,NA,NA,NA,NA,NA,2,8,14
13,"3",NA,NA,NA,NA,NA,NA,NA,NA,NA,NA,NA,NA,NA,NA,NA,NA
135,"3",3.33333333333333,4,4.57142857142857,4.33333333333333,4.83333333333333,4.83333333333333,5,4,NA,NA,NA,NA,NA,3,8,14
89,"3",4,4.66666666666667,4.28571428571429,4.5,5,4.33333333333333,3.66666666666667,3.33333333333333,3,1,2,2,195,NA,7,14
83,"3",4,4.33333333333333,2.42857142857143,1.83333333333333,4.5,3.91666666666667,3.66666666666667,1,NA,NA,NA,NA,NA,1,7,13
103,"3",NA,NA,NA,NA,NA,NA,NA,NA,NA,NA,NA,NA,NA,1,7,13
99,"3",NA,NA,NA,NA,NA,NA,NA,NA,NA,NA,NA,NA,NA,1,7,12
186,"3",3.33333333333333,4,3.71428571428571,3.66666666666667,4.5,4,4,1.33333333333333,NA,NA,NA,NA,NA,3,7,12
164,"3",2.33333333333333,3,2.14285714285714,3.5,4.83333333333333,4.5,5,1.66666666666667,1,4,4,3,275,2,7,13
16,"3",NA,NA,NA,NA,NA,NA,NA,NA,NA,NA,NA,NA,NA,NA,NA,NA
130,"3",3.33333333333333,3.33333333333333,3.57142857142857,3,5,4.83333333333333,5,1,NA,NA,NA,NA,NA,1,8,13
146,"3",NA,NA,NA,NA,NA,NA,NA,NA,NA,NA,NA,NA,NA,2,8,15
90,"3",NA,NA,NA,NA,NA,NA,NA,NA,NA,NA,NA,NA,NA,1,7,12
90,"3",NA,NA,NA,NA,NA,NA,NA,NA,NA,NA,NA,NA,NA,NA,NA,NA
111,"3",NA,NA,NA,NA,NA,NA,NA,NA,NA,NA,NA,NA,NA,NA,NA,NA
187,"3",NA,NA,NA,NA,NA,NA,NA,NA,NA,NA,NA,NA,NA,1,7,13
66,"3",1.66666666666667,3.33333333333333,3.42857142857143,1.83333333333333,3.33333333333333,2.66666666666667,2.33333333333333,3.33333333333333,3,4,3,5,302.5,2,8,13
85,"3",2.66666666666667,4,2.42857142857143,3,3.66666666666667,3.75,4,1.66666666666667,3,5,4,4,295,2,7,13
184,"3",2.66666666666667,3.33333333333333,2.14285714285714,2.83333333333333,2.33333333333333,2.44444444444444,1.5,3,NA,NA,NA,NA,NA,2,7,13
60,"3",NA,NA,NA,NA,NA,NA,NA,NA,NA,NA,NA,NA,NA,1,8,14
77,"3",NA,NA,NA,NA,NA,NA,NA,NA,NA,NA,NA,NA,NA,NA,NA,NA
118,"3",1.66666666666667,3,3,3.33333333333333,3,2.91666666666667,4,3.33333333333333,2,1,1,4,247.5,1,8,14
119,"3",2.66666666666667,3.33333333333333,2.71428571428571,2,5,4.25,4,1,4,1,1,3,255,2,8,14
188,"3",NA,NA,NA,NA,NA,NA,NA,NA,NA,NA,NA,NA,NA,2,7,13
50,"3",2.66666666666667,4.66666666666667,2.28571428571429,2.5,4.16666666666667,4.75,3.33333333333333,1,3,2,3,5,265,1,8,14
153,"3",NA,NA,NA,NA,NA,NA,NA,NA,NA,NA,NA,NA,NA,NA,NA,NA
24,"3",2,3,3.42857142857143,2.33333333333333,2.5,2.83333333333333,2.66666666666667,2.66666666666667,1,1,2,1,170,1,7,13
122,"3",NA,NA,NA,NA,NA,NA,NA,NA,NA,NA,NA,NA,NA,2,8,14
161,"3",NA,NA,NA,NA,NA,NA,NA,NA,NA,NA,NA,NA,NA,NA,NA,NA
106,"3",NA,NA,NA,NA,NA,NA,NA,NA,NA,NA,NA,NA,NA,NA,NA,NA
18,"3",3,4.33333333333333,1.57142857142857,2.16666666666667,3.33333333333333,4,4.33333333333333,1.33333333333333,3,5,5,4,307.5,1,7,12
97,"3",2.33333333333333,3.33333333333333,2.42857142857143,2.16666666666667,3,4.5,3.66666666666667,1.33333333333333,3,3,3,3,265,2,7,13
86,"3",3.66666666666667,4.66666666666667,4.14285714285714,5,5,4.75,4.33333333333333,1,3,1,2,3,237.5,2,7,13
49,"3",1.66666666666667,3.66666666666667,2.71428571428571,2.66666666666667,4,3.91666666666667,2.66666666666667,4.66666666666667,NA,NA,NA,NA,NA,2,8,13
96,"3",3.5,1.33333333333333,1,1,1,3.08333333333333,3.33333333333333,1.66666666666667,0,1,1,1,167.5,1,7,12
74,"3",3,3,3.71428571428571,3,4,3.41666666666667,3.66666666666667,3.33333333333333,3,1,1,2,217.5,1,8,13
22,"3",NA,NA,NA,NA,NA,NA,NA,NA,NA,NA,NA,NA,NA,NA,NA,NA
100,"3",2.66666666666667,3.33333333333333,2.42857142857143,2.83333333333333,2.33333333333333,2.66666666666667,2,1.33333333333333,NA,NA,NA,NA,NA,2,7,13
155,"3",2.33333333333333,2.66666666666667,1.57142857142857,1.66666666666667,3,3.25,1,3,NA,NA,NA,NA,NA,1,7,13
57,"3",2.33333333333333,2.33333333333333,1.57142857142857,3,3.33333333333333,2.75,2,1.33333333333333,NA,NA,NA,NA,NA,2,8,13
92,"3",NA,NA,NA,NA,NA,NA,NA,NA,NA,NA,NA,NA,NA,2,7,13
133,"3",NA,NA,NA,NA,NA,NA,NA,NA,1,1,1,1,187.5,1,8,14
8,"3",NA,NA,NA,NA,NA,NA,NA,NA,NA,NA,NA,NA,NA,NA,NA,NA
169,"3",3,3,2.14285714285714,3.33333333333333,4.33333333333333,3.75,2.66666666666667,2,NA,NA,NA,NA,NA,2,7,13
185,"3",NA,NA,NA,NA,NA,NA,NA,NA,NA,NA,NA,NA,NA,2,7,12
52,"3",3.33333333333333,3.66666666666667,3,2.33333333333333,3.66666666666667,4.08333333333333,3.33333333333333,1.33333333333333,NA,NA,NA,NA,NA,1,8,13
136,"3",NA,NA,NA,NA,NA,NA,NA,NA,NA,NA,NA,NA,NA,1,8,13
190,"3",4,4,2.28571428571429,2.33333333333333,4.66666666666667,4.16666666666667,3.33333333333333,1.33333333333333,1,1,4,2,195,3,7,13
145,"3",NA,NA,NA,NA,NA,NA,NA,NA,NA,NA,NA,NA,NA,NA,NA,NA
142,"3",NA,NA,NA,NA,NA,NA,NA,NA,NA,NA,NA,NA,NA,NA,NA,NA
9,"3",2.33333333333333,4.33333333333333,3,2.33333333333333,3.66666666666667,3.66666666666667,3.66666666666667,1.66666666666667,0,0,2,0,132.5,2,8,13
27,"3",2.66666666666667,4,1.14285714285714,3.16666666666667,4,3.66666666666667,4.33333333333333,1.33333333333333,NA,NA,NA,NA,NA,2,7,13
14,"3",NA,NA,NA,NA,NA,NA,NA,NA,NA,NA,NA,NA,NA,2,8,14
54,"3",NA,NA,NA,NA,NA,NA,NA,NA,NA,NA,NA,NA,NA,2,8,14
67,"3",NA,NA,NA,NA,NA,NA,NA,NA,NA,NA,NA,NA,NA,NA,NA,NA
8,"3",2.33333333333333,2.66666666666667,3,3.16666666666667,3,2.58333333333333,3.66666666666667,3.66666666666667,1,1,1,1,187.5,2,8,13
81,"3",2,4.33333333333333,1,3,4.5,3.58333333333333,3.33333333333333,2,3,4,2,3,235,1,7,13
163,"3",NA,NA,NA,NA,NA,NA,NA,NA,NA,NA,NA,NA,NA,1,7,13
141,"3",3.33333333333333,3,2.28571428571429,4.16666666666667,5,4.33333333333333,3.66666666666667,2,NA,NA,NA,NA,NA,2,8,14
173,"3",NA,NA,NA,NA,NA,NA,NA,NA,NA,NA,NA,NA,NA,NA,NA,NA
35,"3",3,4.33333333333333,1.57142857142857,2.66666666666667,3.83333333333333,5,4.33333333333333,1,NA,NA,NA,NA,NA,1,7,13
162,"3",NA,NA,NA,NA,NA,NA,NA,NA,NA,NA,NA,NA,NA,2,7,13
82,"3",2.66666666666667,3.33333333333333,1.14285714285714,3,4.66666666666667,2.5,3,2.66666666666667,2,2,1,3,212.5,1,7,13
75,"3",4,5,1.42857142857143,2.5,5,5,4,1,3,5,5,5,330,2,7,13
189,"3",3.33333333333333,3.33333333333333,4,3.5,3.5,3.83333333333333,4,2,0,3,3,3,250,2,7,14
170,"3",NA,NA,NA,NA,NA,NA,NA,NA,NA,NA,NA,NA,NA,1,8,14
59,"3",3.66666666666667,4,3.71428571428571,4,4,3.58333333333333,3.66666666666667,1.66666666666667,NA,NA,NA,NA,NA,2,8,13
19,"3",NA,NA,NA,NA,NA,NA,NA,NA,NA,NA,NA,NA,NA,NA,NA,NA
7,"3",NA,NA,NA,NA,NA,NA,NA,NA,2,2,1,3,205,NA,NA,NA
10,"3",NA,NA,NA,NA,NA,NA,NA,NA,2,2,1,3,205,NA,NA,NA
65,"3",NA,NA,NA,NA,NA,NA,NA,NA,NA,NA,NA,NA,NA,NA,NA,NA
9,"3",NA,NA,NA,NA,NA,NA,NA,NA,3,2,3,4,235,NA,NA,NA
4,"3",NA,NA,NA,NA,NA,NA,NA,NA,NA,NA,NA,NA,NA,NA,NA,NA
154,"3",1,2.66666666666667,1.57142857142857,1.5,3.33333333333333,2.66666666666667,2,1.66666666666667,0,1,0,3,175,1,7,13
156,"3",3,3,2.14285714285714,2,4.66666666666667,3.16666666666667,2.66666666666667,1.66666666666667,NA,NA,NA,NA,NA,2,7,13
137,"3",3.33333333333333,3.66666666666667,1.57142857142857,3,3,3.08333333333333,3.33333333333333,3,3,2,2,4,227.5,1,8,14
176,"3",3.66666666666667,4.33333333333333,3,3,4.16666666666667,5,5,1,2,4,5,4,290,1,8,14
26,"3",NA,NA,NA,NA,NA,NA,NA,NA,NA,NA,NA,NA,NA,NA,NA,NA
195,"3",1.66666666666667,2,2.42857142857143,2.66666666666667,2.33333333333333,2.91666666666667,1.66666666666667,2.33333333333333,3,3,1,3,252.5,3,7,13
124,"3",NA,NA,NA,NA,NA,NA,NA,NA,NA,NA,NA,NA,NA,NA,NA,NA
106,"3",NA,NA,NA,NA,NA,NA,NA,NA,NA,NA,NA,NA,NA,2,7,13
93,"3",4,4,3.14285714285714,4,3.83333333333333,4.16666666666667,3.33333333333333,2.33333333333333,2,1,2,2,225,1,7,13
55,"3",2.66666666666667,2.33333333333333,2,2.33333333333333,2,3,3,3,3,1,4,5,290,2,8,14
151,"3",NA,NA,NA,NA,NA,NA,NA,NA,NA,NA,NA,NA,NA,1,7,13
117,"3",NA,NA,NA,NA,NA,NA,NA,NA,NA,NA,NA,NA,NA,NA,NA,NA
138,"3",NA,NA,NA,NA,NA,NA,NA,NA,NA,NA,NA,NA,NA,NA,NA,NA
25,"3",NA,NA,NA,NA,NA,NA,NA,NA,NA,NA,NA,NA,NA,2,7,13
126,"3",3.66666666666667,4.66666666666667,3.57142857142857,3.33333333333333,4,4.16666666666667,4,1.33333333333333,3,4,3,3,275,1,8,14
193,"3",NA,NA,NA,NA,NA,NA,NA,NA,NA,NA,NA,NA,NA,1,7,12
45,"3",NA,NA,NA,NA,NA,NA,NA,NA,NA,NA,NA,NA,NA,2,8,14
46,"3",NA,NA,NA,NA,NA,NA,NA,NA,NA,NA,NA,NA,NA,2,8,14
5,"3",NA,NA,NA,NA,NA,NA,NA,NA,NA,NA,NA,NA,NA,NA,NA,NA
31,"3",2.33333333333333,2,1,1.83333333333333,2.83333333333333,2.58333333333333,3.66666666666667,1.66666666666667,1,1,4,2,195,1,7,13
114,"3",3.33333333333333,2.33333333333333,4.57142857142857,4,4.83333333333333,4.5,3.33333333333333,1,2,1,2,3,200,2,7,12
84,"3",2.33333333333333,1.66666666666667,1.14285714285714,1.83333333333333,4,4.83333333333333,4.66666666666667,1.33333333333333,3,1,2,2,195,2,7,13
160,"3",2.66666666666667,3.33333333333333,2.42857142857143,3.5,4.83333333333333,3.75,3,1.33333333333333,2,3,3,4,272.5,2,7,13
172,"3",NA,NA,NA,NA,NA,NA,NA,NA,NA,NA,NA,NA,NA,NA,NA,NA
175,"3",NA,NA,NA,NA,NA,NA,NA,NA,NA,NA,NA,NA,NA,1,8,14
132,"3",NA,NA,NA,NA,NA,NA,NA,NA,NA,NA,NA,NA,NA,NA,NA,NA
133,"3",NA,NA,NA,NA,NA,NA,NA,NA,NA,NA,NA,NA,NA,NA,NA,NA
41,"3",3.33333333333333,3.33333333333333,2.85714285714286,2.83333333333333,3.16666666666667,3.25,3.33333333333333,3.66666666666667,NA,NA,NA,NA,NA,1,8,14
2,"3",4.33333333333333,3.66666666666667,3.42857142857143,4.16666666666667,3.83333333333333,4.41666666666667,4.66666666666667,1.66666666666667,1,1,2,2,182.5,1,8,14
22,"3",2.66666666666667,4,1,1.66666666666667,2.83333333333333,2.83333333333333,3.66666666666667,2.66666666666667,NA,NA,NA,NA,NA,2,7,13
116,"3",2,4.33333333333333,2.42857142857143,1.83333333333333,4.83333333333333,2.33333333333333,1.66666666666667,2,4,4,4,5,305,2,8,14
124,"3",NA,NA,NA,NA,NA,NA,NA,NA,NA,NA,NA,NA,NA,1,8,14
37,"3",NA,NA,NA,NA,NA,NA,NA,NA,NA,NA,NA,NA,NA,1,7,13
61,"3",NA,NA,NA,NA,NA,NA,NA,NA,3,2,1,3,257.5,2,8,14
4,"3",NA,NA,NA,NA,NA,NA,NA,NA,3,2,1,3,257.5,1,8,13
94,"3",NA,NA,NA,NA,NA,NA,NA,NA,NA,NA,NA,NA,NA,1,7,13
26,"3",2,3.33333333333333,2.42857142857143,3,4.16666666666667,3.58333333333333,2.66666666666667,1,NA,NA,NA,NA,NA,1,7,13
107,"3",3.66666666666667,4.33333333333333,4,2.83333333333333,4,4.83333333333333,3.66666666666667,1,2,2,3,2,225,1,7,12
178,"3",NA,NA,NA,NA,NA,NA,NA,NA,NA,NA,NA,NA,NA,1,8,14
108,"3",4,4.66666666666667,3,2.33333333333333,3,4.91666666666667,4.66666666666667,1,4,5,5,5,327.5,2,7,14
165,"3",NA,NA,NA,NA,NA,NA,NA,NA,NA,NA,NA,NA,NA,NA,NA,NA
107,"3",NA,NA,NA,NA,NA,NA,NA,NA,NA,NA,NA,NA,NA,NA,NA,NA
192,"3",2.66666666666667,3.66666666666667,3,3.16666666666667,3.5,3.5,3.33333333333333,1.66666666666667,NA,NA,NA,NA,NA,1,7,13
12,"3",NA,NA,NA,NA,NA,NA,NA,NA,NA,NA,NA,NA,NA,1,8,14
32,"3",3.66666666666667,3.66666666666667,3.57142857142857,2.83333333333333,3.83333333333333,3.83333333333333,3,2.66666666666667,2,1,2,2,197.5,1,7,13
144,"3",NA,NA,NA,NA,NA,NA,NA,NA,NA,NA,NA,NA,NA,NA,NA,NA
34,"3",2.66666666666667,4,1,1.5,3.16666666666667,4.5,3,1,NA,NA,NA,NA,NA,1,7,12
72,"3",3.33333333333333,3.33333333333333,2.57142857142857,2.83333333333333,4.16666666666667,3,2.33333333333333,2,1,3,3,2,260,2,8,14
64,"3",2,2,2.71428571428571,3.16666666666667,2.66666666666667,3.08333333333333,3,4.66666666666667,1,3,2,3,220,2,8,13
164,"3",2,2,2.71428571428571,3.16666666666667,2.66666666666667,3.08333333333333,3,4.66666666666667,1,3,2,3,220,2,8,13
168,"3",NA,NA,NA,NA,NA,NA,NA,NA,NA,NA,NA,NA,NA,2,7,13
56,"3",1.66666666666667,4,1.28571428571429,1,3.5,4.25,5,2,3,4,5,5,297.5,2,8,14
64,"3",2,2,1,1,1,2.58333333333333,2.66666666666667,2.66666666666667,3,1,2,2,190,NA,NA,NA
171,"3",NA,NA,NA,NA,NA,NA,NA,NA,NA,NA,NA,NA,NA,2,8,14
139,"3",2,3.33333333333333,1,1,1,2.91666666666667,4.33333333333333,4.33333333333333,1,2,2,2,170,1,8,14
73,"3",2.33333333333333,3,2.57142857142857,1.5,2.5,4.33333333333333,3.66666666666667,1.66666666666667,NA,NA,NA,NA,NA,1,8,14
71,"3",3.33333333333333,4.33333333333333,4,3.5,4.16666666666667,4.91666666666667,4,1.33333333333333,1,2,5,2,255,2,8,14
123,"3",NA,NA,NA,NA,NA,NA,NA,NA,NA,NA,NA,NA,NA,NA,NA,NA
43,"3",4,3.33333333333333,4.14285714285714,2.16666666666667,4.66666666666667,4.08333333333333,3.66666666666667,1,NA,NA,NA,NA,NA,2,8,14
10,"3",3,4.66666666666667,2.71428571428571,3.33333333333333,4.33333333333333,2.83333333333333,3.66666666666667,2.66666666666667,NA,NA,NA,NA,NA,1,8,14
127,"3",NA,NA,NA,NA,NA,NA,NA,NA,NA,NA,NA,NA,NA,2,8,14
51,"3",2.66666666666667,2.66666666666667,2.71428571428571,1.83333333333333,3.5,1.5,1.66666666666667,4,1,3,2,2,217.5,1,8,14
87,"3",1.33333333333333,1.66666666666667,1,3.33333333333333,2.5,3.83333333333333,3.66666666666667,1.66666666666667,4,4,2,3,257.5,2,7,13
3,"3",2.66666666666667,2.33333333333333,2,2.83333333333333,3,3.08333333333333,3.66666666666667,2.33333333333333,4,1,1,2,210,1,8,14
105,"3",3,3,3,3.66666666666667,3.83333333333333,4.5,3.66666666666667,1,3,2,2,4,250,1,7,13
63,"3",2,4.33333333333333,2,2.33333333333333,2.66666666666667,3.5,3,2.33333333333333,5,5,5,5,322.5,2,8,14
68,"3",2.33333333333333,3.66666666666667,2.28571428571429,1.66666666666667,3.83333333333333,3.66666666666667,2.33333333333333,2.66666666666667,1,1,1,3,222.5,1,8,14
117,"3",NA,NA,NA,NA,NA,NA,NA,NA,NA,NA,NA,NA,NA,1,8,14
31,"3",NA,NA,NA,NA,NA,NA,NA,NA,NA,NA,NA,NA,NA,NA,NA,NA
166,"3",NA,NA,NA,NA,NA,NA,NA,NA,2,2,2,2,217.5,2,7,13
120,"3",NA,NA,NA,NA,NA,NA,NA,NA,NA,NA,NA,NA,NA,1,8,13
15,"3",NA,NA,NA,NA,NA,NA,NA,NA,2,4,4,4,285,2,7,13
78,"3",2.33333333333333,2,2.28571428571429,1.83333333333333,3.33333333333333,2.83333333333333,3,2.66666666666667,1,2,2,2,210,2,7,13
131,"3",3.66666666666667,4,3.71428571428571,2.33333333333333,2.5,3.66666666666667,4,1.66666666666667,2,1,2,2,185,1,8,15
126,"3",3.66666666666667,4,3.71428571428571,2.33333333333333,2.5,3.66666666666667,4,1.66666666666667,2,1,2,2,185,NA,NA,NA
145,"3",3,2.33333333333333,3.42857142857143,4.33333333333333,3.8,4.33333333333333,4.33333333333333,4.66666666666667,NA,NA,NA,NA,NA,1,8,13
100,"3",NA,NA,NA,NA,NA,NA,NA,NA,NA,NA,NA,NA,NA,NA,NA,NA
147,"3",NA,NA,NA,NA,NA,NA,NA,NA,NA,NA,NA,NA,NA,1,8,13
125,"3",NA,NA,NA,NA,NA,NA,NA,NA,NA,NA,NA,NA,NA,1,8,14
128,"3",NA,NA,NA,NA,NA,NA,NA,NA,NA,NA,NA,NA,NA,NA,NA,NA
150,"3",3.33333333333333,5,3.14285714285714,3,4.33333333333333,4.41666666666667,3.33333333333333,1,4,4,5,5,302.5,1,8,15
142,"3",2.66666666666667,4.33333333333333,3,2.66666666666667,3.83333333333333,4.16666666666667,3.33333333333333,1,NA,NA,NA,NA,NA,2,8,14
16,"3",2.66666666666667,2.66666666666667,2.28571428571429,2.83333333333333,3.66666666666667,3.08333333333333,2.33333333333333,3.66666666666667,NA,NA,NA,NA,NA,1,8,14
135,"3",NA,NA,NA,NA,NA,NA,NA,NA,NA,NA,NA,NA,NA,NA,NA,NA
70,"3",3,3,2.28571428571429,3.16666666666667,3,3,2.66666666666667,2.66666666666667,1,1,2,1,172.5,2,8,13
42,"3",3.33333333333333,3,3.14285714285714,2.66666666666667,3.16666666666667,3.41666666666667,4,3.33333333333333,2,1,1,1,200,1,8,14
153,"3",2,2,1.42857142857143,2.5,3.83333333333333,2.83333333333333,2,1.33333333333333,2,1,0,3,207.4,2,7,12
39,"3",NA,NA,NA,NA,NA,NA,NA,NA,NA,NA,NA,NA,NA,NA,NA,NA
95,"3",NA,NA,NA,NA,NA,NA,NA,NA,NA,NA,NA,NA,NA,2,7,13
29,"3",1,2,1,1.5,2.33333333333333,1,1.33333333333333,4,2,2,1,1,205,2,7,13
6,"3",2,4,2.42857142857143,1.5,4.16666666666667,4.41666666666667,4,2.33333333333333,NA,NA,NA,NA,NA,2,8,14
130,"3",NA,NA,NA,NA,NA,NA,NA,NA,NA,NA,NA,NA,NA,NA,NA,NA
5,"3",2.66666666666667,3.66666666666667,2.14285714285714,3,4.33333333333333,3.25,2.66666666666667,3,3,3,4,3,282.5,2,8,14
91,"3",NA,NA,NA,NA,NA,NA,NA,NA,NA,NA,NA,NA,NA,1,7,13
19,"3",1.66666666666667,2.33333333333333,2.71428571428571,3.66666666666667,4.33333333333333,4.41666666666667,4,1.33333333333333,NA,NA,NA,NA,NA,2,7,13
160,"3",NA,NA,NA,NA,NA,NA,NA,NA,NA,NA,NA,NA,NA,NA,NA,NA
161,"3",NA,NA,NA,NA,NA,NA,NA,NA,NA,NA,NA,NA,NA,1,7,13
112,"3",NA,NA,NA,NA,NA,NA,NA,NA,NA,NA,NA,NA,NA,1,7,13
54,"3",NA,NA,NA,NA,NA,NA,NA,NA,1,1,2,1,185,1,7,13
115,"3",2.66666666666667,1.66666666666667,3.57142857142857,1.83333333333333,4.5,3.08333333333333,3.33333333333333,2.66666666666667,NA,NA,NA,NA,NA,2,8,14
1,"3",2.2,1.5,2.42857142857143,1.83333333333333,5,2.91666666666667,2.66666666666667,3.33333333333333,1,1,2,1,185,1,8,14
172,"3",2.66666666666667,1.66666666666667,3.57142857142857,1.83333333333333,4.5,2.08333333333333,3.33333333333333,2.66666666666667,NA,NA,NA,NA,NA,2,8,14
173,"3",NA,NA,NA,NA,NA,NA,NA,NA,NA,NA,NA,NA,NA,1,8,14
105,"3",NA,NA,NA,NA,NA,NA,NA,NA,NA,NA,NA,NA,NA,1,8,14
113,"3",3,3,3.28571428571429,1,3.66666666666667,3.83333333333333,3.33333333333333,2,1,1,1,3,217.5,3,7,12
180,"3",NA,NA,NA,NA,NA,NA,NA,NA,NA,NA,NA,NA,NA,1,7,13
152,"3",2.66666666666667,3.33333333333333,1.14285714285714,4.16666666666667,3.83333333333333,2.25,2,3,3,1,1,3,207.5,2,7,13
13,"3",2.66666666666667,2.66666666666667,3.28571428571429,2.66666666666667,2.83333333333333,2.91666666666667,3.33333333333333,2.33333333333333,3,1,1,2,190,1,8,14
28,"3",4,4,4.28571428571429,4.16666666666667,4,4.83333333333333,5,1,NA,NA,NA,NA,NA,2,7,13
121,"3",5,5,4.42857142857143,4,5,5,5,1,5,3,5,5,310,1,8,14
140,"3",NA,NA,NA,NA,NA,NA,NA,NA,NA,NA,NA,NA,NA,2,8,14
149,"3",NA,NA,NA,NA,NA,NA,NA,NA,NA,NA,NA,NA,NA,NA,NA,NA
148,"3",NA,NA,NA,NA,NA,NA,NA,NA,NA,NA,NA,NA,NA,2,8,14
39,"3",NA,NA,NA,NA,NA,NA,NA,NA,NA,NA,NA,NA,NA,1,8,14
132,"3",2,2.66666666666667,2.14285714285714,3.66666666666667,3,1.91666666666667,2.33333333333333,4.33333333333333,NA,NA,NA,NA,NA,1,8,14
196,"3",NA,NA,NA,NA,NA,NA,NA,NA,NA,NA,NA,NA,NA,1,7,13
129,"3",NA,NA,NA,NA,NA,NA,NA,NA,NA,NA,NA,NA,NA,1,8,14
69,"3",2.33333333333333,3.33333333333333,2.42857142857143,1.66666666666667,3.5,4.33333333333333,2.33333333333333,1.33333333333333,2,1,2,3,235,1,8,14
181,"3",NA,NA,NA,NA,NA,NA,NA,NA,NA,NA,NA,NA,NA,1,7,15
134,"3",NA,NA,NA,NA,NA,NA,NA,NA,NA,NA,NA,NA,NA,1,8,14
73,"3",NA,NA,NA,NA,NA,NA,NA,NA,3,1,2,2,195,NA,NA,NA
77,"3",2.66666666666667,4,1.57142857142857,2.5,3.66666666666667,3.25,2,1.33333333333333,5,4,3,4,290,2,7,13
179,"3",NA,NA,NA,NA,NA,NA,NA,NA,5,4,3,4,290,1,8,14
40,"3",4,4.33333333333333,2.85714285714286,2.16666666666667,4.5,4.83333333333333,3.66666666666667,1,3,3,5,5,285,1,7,14
NA,"3",NA,NA,NA,NA,NA,NA,NA,NA,NA,NA,NA,NA,NA,NA,NA,NA
NA,"3",NA,NA,NA,NA,NA,NA,NA,NA,NA,NA,NA,NA,NA,NA,NA,NA
NA,"3",NA,NA,NA,NA,NA,NA,NA,NA,NA,NA,NA,NA,NA,NA,NA,NA
